    EFIT01 05/24/2017    # 18204   5600          3  65  65
 1.500000000e+00 3.000000000e+00 1.799999952e+00 1.000000000e+00 0.000000000e+00
 1.807355523e+00-3.065411560e-02 1.970371231e-03 1.465699077e-01-2.289578676e+00
 6.051300625e+05 1.970371231e-03 0.000000000e+00 1.807355523e+00 0.000000000e+00
-3.065411560e-02 0.000000000e+00 1.465699077e-01 0.000000000e+00 0.000000000e+00
-4.140984535e+00-4.140556335e+00-4.140125751e+00-4.139693737e+00-4.139260292e+00
-4.138825417e+00-4.138390064e+00-4.137954235e+00-4.137518406e+00-4.137082100e+00
-4.136646271e+00-4.136211395e+00-4.135776997e+00-4.135343552e+00-4.134912014e+00
-4.134481907e+00-4.134053707e+00-4.133627415e+00-4.133203983e+00-4.132783413e+00
-4.132366180e+00-4.131951809e+00-4.131541252e+00-4.131134510e+00-4.130732059e+00
-4.130333900e+00-4.129940510e+00-4.129551888e+00-4.129168987e+00-4.128791332e+00
-4.128419876e+00-4.128054142e+00-4.127695084e+00-4.127342224e+00-4.126996994e+00
-4.126658440e+00-4.126327515e+00-4.126004696e+00-4.125689507e+00-4.125382900e+00
-4.125084877e+00-4.124795914e+00-4.124516010e+00-4.124245644e+00-4.123984814e+00
-4.123733997e+00-4.123493671e+00-4.123263836e+00-4.123044491e+00-4.122836590e+00
-4.122640133e+00-4.122455120e+00-4.122282505e+00-4.122121811e+00-4.121973515e+00
-4.121838093e+00-4.121716022e+00-4.121606827e+00-4.121511936e+00-4.121430397e+00
-4.121363163e+00-4.121310234e+00-4.121272564e+00-4.121249199e+00-4.121241570e+00
 3.212988281e+04 3.113366797e+04 3.015314258e+04 2.918830469e+04 2.823915430e+04
 2.730569336e+04 2.638792188e+04 2.548583789e+04 2.459944141e+04 2.372873438e+04
 2.287371484e+04 2.203438477e+04 2.121074219e+04 2.040278906e+04 1.961052344e+04
 1.883394727e+04 1.807305859e+04 1.732785938e+04 1.659834766e+04 1.588452441e+04
 1.518638965e+04 1.450394336e+04 1.383718555e+04 1.318611621e+04 1.255073535e+04
 1.193104297e+04 1.132703906e+04 1.073872266e+04 1.016609570e+04 9.609157227e+03
 9.067906250e+03 8.542344727e+03 8.032470703e+03 7.538285645e+03 7.059788574e+03
 6.596980469e+03 6.149860352e+03 5.718428711e+03 5.302685547e+03 4.902630859e+03
 4.518264648e+03 4.149586914e+03 3.796597412e+03 3.459296387e+03 3.137683838e+03
 2.831759766e+03 2.541523926e+03 2.266976562e+03 2.008117676e+03 1.764947144e+03
 1.537465088e+03 1.325671387e+03 1.129566162e+03 9.491493530e+02 7.844209595e+02
 6.353809814e+02 5.020294189e+02 3.843662720e+02 2.823915405e+02 1.961052399e+02
 1.255073547e+02 7.059788513e+01 3.137683868e+01 7.844209671e+00 0.000000000e+00
-7.836282253e-01-7.872824669e-01-7.904319167e-01-7.930766940e-01-7.952167392e-01
-7.968521118e-01-7.979827523e-01-7.986086607e-01-7.987298965e-01-7.983464003e-01
-7.974581718e-01-7.960652709e-01-7.941676378e-01-7.917653322e-01-7.888582945e-01
-7.854465246e-01-7.815300226e-01-7.771088481e-01-7.721830010e-01-7.667523623e-01
-7.608170509e-01-7.543770671e-01-7.474322915e-01-7.399829030e-01-7.320287228e-01
-7.235698700e-01-7.146062851e-01-7.051380277e-01-6.951650381e-01-6.846873164e-01
-6.737048626e-01-6.622177362e-01-6.502259374e-01-6.377294064e-01-6.247281432e-01
-6.112221479e-01-5.972114801e-01-5.826960802e-01-5.676760077e-01-5.521512032e-01
-5.361216664e-01-5.195874572e-01-5.025485158e-01-4.850048423e-01-4.669564664e-01
-4.484033883e-01-4.293456078e-01-4.097831249e-01-3.897159100e-01-3.691439927e-01
-3.480673730e-01-3.264860511e-01-3.043999970e-01-2.818092406e-01-2.587137520e-01
-2.351135910e-01-2.110086977e-01-1.863991022e-01-1.612847894e-01-1.356657594e-01
-1.095420346e-01-8.291359246e-02-5.578043684e-02-2.814257331e-02 0.000000000e+00
-4.443981562e+05-4.374544375e+05-4.305106875e+05-4.235669688e+05-4.166232500e+05
-4.096795312e+05-4.027358125e+05-3.957920938e+05-3.888483750e+05-3.819046562e+05
-3.749609375e+05-3.680172188e+05-3.610735000e+05-3.541297812e+05-3.471860625e+05
-3.402423438e+05-3.332985938e+05-3.263548750e+05-3.194111562e+05-3.124674375e+05
-3.055237188e+05-2.985800000e+05-2.916362812e+05-2.846925625e+05-2.777488438e+05
-2.708051250e+05-2.638614062e+05-2.569176719e+05-2.499739531e+05-2.430302344e+05
-2.360865156e+05-2.291427969e+05-2.221990781e+05-2.152553438e+05-2.083116250e+05
-2.013679062e+05-1.944241875e+05-1.874804688e+05-1.805367500e+05-1.735930312e+05
-1.666492969e+05-1.597055781e+05-1.527618594e+05-1.458181406e+05-1.388744219e+05
-1.319307031e+05-1.249869766e+05-1.180432578e+05-1.110995391e+05-1.041558125e+05
-9.721209375e+04-9.026837500e+04-8.332464844e+04-7.638092969e+04-6.943721094e+04
-6.249348828e+04-5.554976953e+04-4.860604688e+04-4.166232422e+04-3.471860547e+04
-2.777488477e+04-2.083116211e+04-1.388744238e+04-6.943721191e+03 0.000000000e+00
 4.034008086e-02 4.415644705e-02 4.794148356e-02 5.170553550e-02 5.545871705e-02
 5.921083316e-02 6.297131628e-02 6.674934179e-02 7.055228204e-02 7.439108938e-02
 7.827623934e-02 8.219790459e-02 8.615200967e-02 9.013488144e-02 9.419025481e-02
 9.831509739e-02 1.025077403e-01 1.067826450e-01 1.111214533e-01 1.155278087e-01
 1.200308725e-01 1.246353760e-01 1.293466091e-01 1.341711730e-01 1.391170323e-01
 1.441915482e-01 1.494001001e-01 1.547465473e-01 1.602342427e-01 1.658663154e-01
 1.716458797e-01 1.775759757e-01 1.836596876e-01 1.899000704e-01 1.963001341e-01
 2.028629482e-01 2.095915675e-01 2.164890319e-01 2.235584259e-01 2.308028489e-01
 2.382254303e-01 2.458293885e-01 2.536180913e-01 2.615951002e-01 2.697641253e-01
 2.781337500e-01 2.867247760e-01 2.955261469e-01 3.045369983e-01 3.137588799e-01
 3.231919408e-01 3.327733874e-01 3.425177336e-01 3.524337709e-01 3.625446260e-01
 3.728491068e-01 3.833453655e-01 3.940344751e-01 4.048821032e-01 4.158736467e-01
 4.270723164e-01 4.384810030e-01 4.500772357e-01 4.618832469e-01 4.739021957e-01
 4.565878958e-02 4.958096519e-02 5.343909934e-02 5.724705756e-02 6.101800129e-02
 6.476438046e-02 6.849795580e-02 7.222970575e-02 7.597079128e-02 7.972884923e-02
 8.350818604e-02 8.726305515e-02 9.106314182e-02 9.491337836e-02 9.881751239e-02
 1.027731076e-01 1.067551821e-01 1.108136922e-01 1.149565652e-01 1.191899031e-01
 1.235192195e-01 1.279505193e-01 1.324899346e-01 1.371437013e-01 1.419180930e-01
 1.468190998e-01 1.518522203e-01 1.570223868e-01 1.623339951e-01 1.677910984e-01
 1.733975112e-01 1.791567802e-01 1.850723624e-01 1.911475211e-01 1.973854303e-01
 2.037891448e-01 2.103616446e-01 2.171058059e-01 2.240244448e-01 2.311203778e-01
 2.383963615e-01 2.458552718e-01 2.535000145e-01 2.613337338e-01 2.693598866e-01
 2.775822878e-01 2.860054076e-01 2.946357131e-01 3.034828007e-01 3.125663102e-01
 3.219331503e-01 3.313539028e-01 3.409121931e-01 3.506322503e-01 3.605112433e-01
 3.705614805e-01 3.807939589e-01 3.912153244e-01 4.018310010e-01 4.126412868e-01
 4.236472547e-01 4.348516762e-01 4.461448193e-01 4.576221108e-01 4.692931473e-01
 5.166012421e-02 5.561491102e-02 5.947775394e-02 6.326581538e-02 6.699507684e-02
 7.068048418e-02 7.433599234e-02 7.797475159e-02 8.160616457e-02 8.521234989e-02
 8.879306912e-02 9.240206331e-02 9.604196995e-02 9.970529377e-02 1.033710167e-01
 1.070960164e-01 1.108896807e-01 1.147577763e-01 1.187073961e-01 1.227455735e-01
 1.268793195e-01 1.311153173e-01 1.354601383e-01 1.399201602e-01 1.445016414e-01
 1.492105275e-01 1.540524662e-01 1.590326726e-01 1.641560793e-01 1.694271863e-01
 1.748502553e-01 1.804292202e-01 1.861677766e-01 1.920693666e-01 1.981372386e-01
 2.043743879e-01 2.107836455e-01 2.173676640e-01 2.241289318e-01 2.310698032e-01
 2.381924987e-01 2.454992533e-01 2.529922724e-01 2.606738806e-01 2.685465813e-01
 2.766132951e-01 2.848775685e-01 2.933435738e-01 3.020162880e-01 3.108998835e-01
 3.199904263e-01 3.292837441e-01 3.387629092e-01 3.484202325e-01 3.581202626e-01
 3.679288626e-01 3.779132366e-01 3.880694807e-01 3.983975947e-01 4.089094400e-01
 4.196095169e-01 4.304986894e-01 4.415800571e-01 4.528470039e-01 4.642956257e-01
 5.847475305e-02 6.237091869e-02 6.615475565e-02 6.984592974e-02 7.346259803e-02
 7.702163607e-02 8.053875715e-02 8.402786404e-02 8.746104687e-02 9.085150808e-02
 9.425126016e-02 9.766218066e-02 1.010402143e-01 1.044471264e-01 1.079030186e-01
 1.114143655e-01 1.149894893e-01 1.186373830e-01 1.223661676e-01 1.261836141e-01
 1.300971657e-01 1.341140866e-01 1.382413656e-01 1.424857527e-01 1.468537599e-01
 1.513515860e-01 1.559851021e-01 1.607598662e-01 1.656810790e-01 1.707536131e-01
 1.759819835e-01 1.813703775e-01 1.869226545e-01 1.926423758e-01 1.985327601e-01
 2.045967281e-01 2.108368874e-01 2.172555774e-01 2.238548100e-01 2.306363583e-01
 2.376017272e-01 2.447522730e-01 2.520891428e-01 2.596133947e-01 2.673260868e-01
 2.752282917e-01 2.833209932e-01 2.916052043e-01 3.000814021e-01 3.087491393e-01
 3.176068664e-01 3.266484141e-01 3.358713388e-01 3.452728987e-01 3.548580706e-01
 3.646222949e-01 3.745612800e-01 3.845761716e-01 3.946256936e-01 4.048469663e-01
 4.152459204e-01 4.258296192e-01 4.365948141e-01 4.475371540e-01 4.586492777e-01
 6.619006395e-02 6.992308050e-02 7.353283465e-02 7.704029977e-02 8.046481013e-02
 8.382430673e-02 8.713565022e-02 9.038023651e-02 9.355549514e-02 9.672239423e-02
 9.986774623e-02 1.029665917e-01 1.060927287e-01 1.092537418e-01 1.124588475e-01
 1.157186702e-01 1.190427169e-01 1.224398091e-01 1.259185672e-01 1.294873208e-01
 1.331541240e-01 1.369267106e-01 1.408125162e-01 1.448186934e-01 1.489520818e-01
 1.532192081e-01 1.576262712e-01 1.621791124e-01 1.668832302e-01 1.717437506e-01
 1.767654419e-01 1.819526702e-01 1.873094290e-01 1.928393245e-01 1.985455453e-01
 2.044308633e-01 2.104976773e-01 2.167478949e-01 2.231830209e-01 2.298041284e-01
 2.366118282e-01 2.436063588e-01 2.507876158e-01 2.581551373e-01 2.657082081e-01
 2.734460533e-01 2.813676596e-01 2.894719243e-01 2.977575660e-01 3.062230945e-01
 3.148664832e-01 3.236866593e-01 3.326810598e-01 3.418476880e-01 3.511824012e-01
 3.606844544e-01 3.703525662e-01 3.801885247e-01 3.901871741e-01 4.003145397e-01
 4.105112553e-01 4.208328724e-01 4.313267171e-01 4.419792295e-01 4.527888000e-01
 7.484054565e-02 7.829933614e-02 8.163419366e-02 8.486603945e-02 8.801426739e-02
 9.109693021e-02 9.412492812e-02 9.704084694e-02 9.993610531e-02 1.027936488e-01
 1.055900306e-01 1.084016263e-01 1.112364158e-01 1.141064242e-01 1.170225069e-01
 1.199945360e-01 1.230322644e-01 1.261451989e-01 1.293424517e-01 1.326328218e-01
 1.360247582e-01 1.395264417e-01 1.431457251e-01 1.468901634e-01 1.507669538e-01
 1.547829956e-01 1.589448005e-01 1.632585526e-01 1.677300334e-01 1.723646373e-01
 1.771673411e-01 1.821427345e-01 1.872949153e-01 1.926275641e-01 1.981438547e-01
 2.038464844e-01 2.097375542e-01 2.158186287e-01 2.220906764e-01 2.285539806e-01
 2.352081984e-01 2.420522869e-01 2.490845770e-01 2.563028336e-01 2.637043297e-01
 2.712861001e-01 2.790450454e-01 2.869781554e-01 2.950828373e-01 3.033568561e-01
 3.117985427e-01 3.204063475e-01 3.291795552e-01 3.381175399e-01 3.472203910e-01
 3.564867377e-01 3.659147620e-01 3.755004704e-01 3.852404058e-01 3.951362371e-01
 4.051921964e-01 4.154078662e-01 4.257704914e-01 4.361818135e-01 4.467253983e-01
 8.440288156e-02 8.747740835e-02 9.043714404e-02 9.330172837e-02 9.608951211e-02
 9.881776571e-02 1.014545560e-01 1.040251553e-01 1.065628827e-01 1.090174764e-01
 1.114752069e-01 1.139469743e-01 1.164459512e-01 1.189830825e-01 1.215691268e-01
 1.242146045e-01 1.269296259e-01 1.297239512e-01 1.326070279e-01 1.355880052e-01
 1.386757642e-01 1.418788582e-01 1.452055573e-01 1.486637890e-01 1.522611529e-01
 1.560049206e-01 1.599019915e-01 1.639588624e-01 1.681816429e-01 1.725760251e-01
 1.771472692e-01 1.819001287e-01 1.868389398e-01 1.919675022e-01 1.972890496e-01
 2.028062642e-01 2.085211277e-01 2.144349813e-01 2.205483168e-01 2.268607616e-01
 2.333709598e-01 2.400765270e-01 2.469739467e-01 2.540587187e-01 2.613253593e-01
 2.687679529e-01 2.763804197e-01 2.841571271e-01 2.920934558e-01 3.001862764e-01
 3.084339797e-01 3.168366849e-01 3.253952265e-01 3.341110647e-01 3.429854214e-01
 3.520195186e-01 3.612138629e-01 3.705687821e-01 3.800836504e-01 3.897560537e-01
 3.995835483e-01 4.095652401e-01 4.197001457e-01 4.299899042e-01 4.404249191e-01
 9.479831904e-02 9.738655388e-02 9.987756610e-02 1.022886634e-01 1.046362668e-01
 1.069358736e-01 1.091281027e-01 1.112863645e-01 1.133670136e-01 1.154215187e-01
 1.174844876e-01 1.195689216e-01 1.216858104e-01 1.238463819e-01 1.260614544e-01
 1.283414960e-01 1.306967288e-01 1.331371665e-01 1.356724948e-01 1.383122206e-01
 1.410655528e-01 1.439414322e-01 1.469485462e-01 1.500952244e-01 1.533895284e-01
 1.568390876e-01 1.604512334e-01 1.642328352e-01 1.681903601e-01 1.723298430e-01
 1.766568571e-01 1.811764538e-01 1.858932078e-01 1.908111721e-01 1.959337741e-01
 2.012638897e-01 2.068036199e-01 2.125543356e-01 2.185164392e-01 2.246892303e-01
 2.310706824e-01 2.376571745e-01 2.444432527e-01 2.514214814e-01 2.585824132e-01
 2.659151256e-01 2.734079659e-01 2.810503244e-01 2.888340652e-01 2.967544794e-01
 3.048110902e-01 3.130064607e-01 3.213458955e-01 3.298352957e-01 3.384801745e-01
 3.472845852e-01 3.562510312e-01 3.653802872e-01 3.746720254e-01 3.841251731e-01
 3.937378824e-01 4.035068154e-01 4.134277403e-01 4.234944880e-01 4.337033629e-01
 1.059002057e-01 1.079136580e-01 1.098539308e-01 1.117352322e-01 1.135712191e-01
 1.153719351e-01 1.170722097e-01 1.187472343e-01 1.203432679e-01 1.219451204e-01
 1.235656515e-01 1.252156347e-01 1.269061416e-01 1.286479086e-01 1.304515004e-01
 1.323273629e-01 1.342857331e-01 1.363367438e-01 1.384903342e-01 1.407562792e-01
 1.431441903e-01 1.456634104e-01 1.483230591e-01 1.511319876e-01 1.540986896e-01
 1.572313309e-01 1.605376303e-01 1.640249193e-01 1.677000970e-01 1.715695560e-01
 1.756392270e-01 1.799145192e-01 1.844003648e-01 1.891011149e-01 1.940206289e-01
 1.991621405e-01 2.045282871e-01 2.101209164e-01 2.159410268e-01 2.219884396e-01
 2.282614708e-01 2.347563356e-01 2.414664179e-01 2.483813614e-01 2.554862201e-01
 2.627613544e-01 2.701841891e-01 2.777314186e-01 2.853842676e-01 2.931351960e-01
 3.009870648e-01 3.089537621e-01 3.170509636e-01 3.252940178e-01 3.336950839e-01
 3.422622085e-01 3.509995341e-01 3.599082828e-01 3.689874113e-01 3.782342672e-01
 3.876450658e-01 3.972154856e-01 4.069406688e-01 4.168156385e-01 4.268338978e-01
 1.175443083e-01 1.189118847e-01 1.202349439e-01 1.215239093e-01 1.227888837e-01
 1.240353137e-01 1.251985133e-01 1.263309419e-01 1.274154484e-01 1.285188645e-01
 1.296514720e-01 1.308237463e-01 1.320459694e-01 1.333284527e-01 1.346814930e-01
 1.361153126e-01 1.376401633e-01 1.392662674e-01 1.410038173e-01 1.428629458e-01
 1.448536664e-01 1.469858587e-01 1.492692381e-01 1.517132074e-01 1.543268412e-01
 1.571188867e-01 1.600976288e-01 1.632708907e-01 1.666460037e-01 1.702297926e-01
 1.740285754e-01 1.780481040e-01 1.822936535e-01 1.867700219e-01 1.914815009e-01
 1.964319348e-01 2.016247511e-01 2.070628852e-01 2.127487808e-01 2.186841816e-01
 2.248698473e-01 2.313047647e-01 2.379849851e-01 2.449012548e-01 2.520353198e-01
 2.593546808e-01 2.668075562e-01 2.743352652e-01 2.818918526e-01 2.894566357e-01
 2.970531285e-01 3.047204614e-01 3.125105500e-01 3.204603493e-01 3.285900354e-01
 3.369083405e-01 3.454169631e-01 3.541135788e-01 3.629937470e-01 3.720519245e-01
 3.812820315e-01 3.906776607e-01 4.002321362e-01 4.099385738e-01 4.197903872e-01
 1.295387000e-01 1.302094758e-01 1.308676004e-01 1.315190792e-01 1.321696341e-01
 1.328213513e-01 1.334046721e-01 1.339658350e-01 1.344976425e-01 1.350610256e-01
 1.356654167e-01 1.363203526e-01 1.370355487e-01 1.378207654e-01 1.386859268e-01
 1.396410763e-01 1.406963915e-01 1.418622434e-01 1.431491226e-01 1.445676237e-01
 1.461284012e-01 1.478420347e-01 1.497189850e-01 1.517694592e-01 1.540033370e-01
 1.564300656e-01 1.590585709e-01 1.618973017e-01 1.649540663e-01 1.682360917e-01
 1.717500389e-01 1.755019575e-01 1.794973910e-01 1.837413907e-01 1.882386208e-01
 1.929934323e-01 1.980100423e-01 2.032926381e-01 2.088456005e-01 2.146737576e-01
 2.207825184e-01 2.271780670e-01 2.338671386e-01 2.408556789e-01 2.481445372e-01
 2.557160556e-01 2.634990811e-01 2.712829411e-01 2.788296044e-01 2.860848904e-01
 2.931501865e-01 3.002890646e-01 3.076344132e-01 3.152239323e-01 3.230595291e-01
 3.311315775e-01 3.394277096e-01 3.479355574e-01 3.566436768e-01 3.655415773e-01
 3.746197820e-01 3.838694096e-01 3.932822645e-01 4.028504789e-01 4.125663936e-01
 1.416715682e-01 1.416169852e-01 1.415841877e-01 1.415743381e-01 1.415874064e-01
 1.416178942e-01 1.415913105e-01 1.415524930e-01 1.414962262e-01 1.414838135e-01
 1.415241808e-01 1.416262984e-01 1.417991817e-01 1.420519799e-01 1.423941404e-01
 1.428353637e-01 1.433857977e-01 1.440559477e-01 1.448567808e-01 1.457995921e-01
 1.468959302e-01 1.481574923e-01 1.495958716e-01 1.512224376e-01 1.530481428e-01
 1.550833881e-01 1.573379189e-01 1.598208398e-01 1.625404805e-01 1.655044854e-01
 1.687197089e-01 1.721923351e-01 1.759278923e-01 1.799313575e-01 1.842073500e-01
 1.887601912e-01 1.935942471e-01 1.987141967e-01 2.041254789e-01 2.098350078e-01
 2.158520967e-01 2.221901268e-01 2.288691252e-01 2.359206080e-01 2.433966547e-01
 2.513900101e-01 2.600964904e-01 2.688494623e-01 2.765288651e-01 2.832008600e-01
 2.889211774e-01 2.952069044e-01 3.020518720e-01 3.093124032e-01 3.169097900e-01
 3.247948289e-01 3.329342008e-01 3.413038850e-01 3.498856425e-01 3.586649001e-01
 3.676295578e-01 3.767691553e-01 3.860743940e-01 3.955367208e-01 4.051480889e-01
 1.537175626e-01 1.529320329e-01 1.522049755e-01 1.515349150e-01 1.509197205e-01
 1.503395736e-01 1.496672481e-01 1.489930004e-01 1.483158469e-01 1.476955414e-01
 1.471404880e-01 1.466587037e-01 1.462580860e-01 1.459467560e-01 1.457333118e-01
 1.456269622e-01 1.456376463e-01 1.457760930e-01 1.460538805e-01 1.464834064e-01
 1.470778137e-01 1.478504688e-01 1.488148570e-01 1.499840915e-01 1.513706595e-01
 1.529862732e-01 1.548417062e-01 1.569468081e-01 1.593104750e-01 1.619406343e-01
 1.648442000e-01 1.680271178e-01 1.714945436e-01 1.752509028e-01 1.793000102e-01
 1.836452782e-01 1.882900149e-01 1.932376772e-01 1.984924227e-01 2.040596902e-01
 2.099471837e-01 2.161663920e-01 2.227350920e-01 2.296815962e-01 2.370529622e-01
 2.449322343e-01 2.534900010e-01 2.620947063e-01 2.696933150e-01 2.763398290e-01
 2.820976973e-01 2.883788049e-01 2.951923609e-01 3.024088442e-01 3.099549115e-01
 3.177837431e-01 3.258632720e-01 3.341701329e-01 3.426865637e-01 3.513984084e-01
 3.602939844e-01 3.693633080e-01 3.785974681e-01 3.879882991e-01 3.975280523e-01
 1.654471755e-01 1.639445424e-01 1.625348628e-01 1.612157375e-01 1.599875838e-01
 1.588391960e-01 1.575030684e-01 1.561835110e-01 1.548551470e-01 1.535989344e-01
 1.524232030e-01 1.513329446e-01 1.503334790e-01 1.494310200e-01 1.486327797e-01
 1.479471028e-01 1.473835260e-01 1.469528526e-01 1.466673613e-01 1.465409249e-01
 1.465898454e-01 1.468306333e-01 1.472799778e-01 1.479538232e-01 1.488669813e-01
 1.500327438e-01 1.514626741e-01 1.531672478e-01 1.551562548e-01 1.574379057e-01
 1.600189358e-01 1.629047543e-01 1.660995632e-01 1.696065664e-01 1.734280288e-01
 1.775654852e-01 1.820198894e-01 1.867918372e-01 1.918817610e-01 1.972901970e-01
 2.030179650e-01 2.090662420e-01 2.154360861e-01 2.221268415e-01 2.291308194e-01
 2.364181429e-01 2.438943535e-01 2.513848245e-01 2.587226331e-01 2.658410966e-01
 2.728413939e-01 2.798794210e-01 2.870947123e-01 2.945360541e-01 3.022101521e-01
 3.101098239e-01 3.182240725e-01 3.265416324e-01 3.350520432e-01 3.437459767e-01
 3.526151776e-01 3.616522253e-01 3.708502650e-01 3.802027106e-01 3.897029161e-01
 1.766449511e-01 1.744554788e-01 1.723847091e-01 1.704273969e-01 1.685806513e-01
 1.668309122e-01 1.649202704e-01 1.629889458e-01 1.609859318e-01 1.590842605e-01
 1.572780907e-01 1.555666029e-01 1.539518237e-01 1.524377465e-01 1.510300487e-01
 1.497359127e-01 1.485641152e-01 1.475251019e-01 1.466311514e-01 1.458969265e-01
 1.453458369e-01 1.450010389e-01 1.448845565e-01 1.450168788e-01 1.454164088e-01
 1.460985839e-01 1.470744908e-01 1.483547539e-01 1.499515474e-01 1.518735141e-01
 1.541260332e-01 1.567123383e-01 1.596359015e-01 1.628984958e-01 1.665002257e-01
 1.704398990e-01 1.747152060e-01 1.793228686e-01 1.842586845e-01 1.895173788e-01
 1.950923949e-01 2.009751797e-01 2.071540803e-01 2.136123031e-01 2.203246504e-01
 2.272540778e-01 2.343519777e-01 2.415559739e-01 2.488085628e-01 2.560902834e-01
 2.634112537e-01 2.708188593e-01 2.783495486e-01 2.860313356e-01 2.938809693e-01
 3.019056022e-01 3.101063669e-01 3.184812367e-01 3.270267844e-01 3.357391059e-01
 3.446144462e-01 3.536491692e-01 3.628396988e-01 3.721821010e-01 3.816718757e-01
 1.871311367e-01 1.843010187e-01 1.816045940e-01 1.790340841e-01 1.765838414e-01
 1.742350310e-01 1.717265546e-01 1.691889912e-01 1.665720791e-01 1.640509218e-01
 1.616241932e-01 1.592915654e-01 1.570542604e-01 1.549150944e-01 1.528784931e-01
 1.509504914e-01 1.491387933e-01 1.474528164e-01 1.459037215e-01 1.445129514e-01
 1.433102638e-01 1.423244178e-01 1.415829062e-01 1.411115527e-01 1.409341991e-01
 1.410721987e-01 1.415442675e-01 1.423661560e-01 1.435502172e-01 1.451039463e-01
 1.470279694e-01 1.493183374e-01 1.519810706e-01 1.550159752e-01 1.584182978e-01
 1.621836424e-01 1.663066745e-01 1.707803160e-01 1.755957305e-01 1.807426065e-01
 1.862089038e-01 1.919805110e-01 1.980406195e-01 2.043689936e-01 2.109414637e-01
 2.177298069e-01 2.247023880e-01 2.318301946e-01 2.390910089e-01 2.464689314e-01
 2.539605796e-01 2.615667582e-01 2.692975402e-01 2.771628201e-01 2.851699591e-01
 2.933235168e-01 3.016256392e-01 3.100768328e-01 3.186770380e-01 3.274261653e-01
 3.363246620e-01 3.453736007e-01 3.545741737e-01 3.639270365e-01 3.734306991e-01
 1.967753917e-01 1.933633238e-01 1.900890768e-01 1.869433522e-01 1.839185804e-01
 1.809933931e-01 1.779060215e-01 1.747827232e-01 1.715719998e-01 1.684499830e-01
 1.654150784e-01 1.624666899e-01 1.596054733e-01 1.568333358e-01 1.541535705e-01
 1.515709907e-01 1.490919888e-01 1.467247456e-01 1.444799751e-01 1.423915774e-01
 1.404943764e-01 1.388223618e-01 1.374083161e-01 1.362833530e-01 1.354766190e-01
 1.350148022e-01 1.349218190e-01 1.352184117e-01 1.359218061e-01 1.370450258e-01
 1.385965794e-01 1.405803710e-01 1.429949552e-01 1.458311379e-01 1.490675807e-01
 1.526977569e-01 1.567143947e-01 1.611035019e-01 1.658523977e-01 1.709472537e-01
 1.763722450e-01 1.821097285e-01 1.881404668e-01 1.944438517e-01 2.009978294e-01
 2.077794671e-01 2.147662938e-01 2.219366282e-01 2.292712331e-01 2.367559522e-01
 2.443805039e-01 2.521400750e-01 2.600312233e-01 2.680523098e-01 2.762024701e-01
 2.844807804e-01 2.928862572e-01 3.014181256e-01 3.100765049e-01 3.188632727e-01
 3.277827501e-01 3.368420899e-01 3.460505307e-01 3.554173708e-01 3.649506271e-01
 2.055012137e-01 2.015724182e-01 1.977757066e-01 1.941014677e-01 1.905415654e-01
 1.870754510e-01 1.834347993e-01 1.797504574e-01 1.759683937e-01 1.722636223e-01
 1.686338931e-01 1.650779396e-01 1.615954489e-01 1.581871957e-01 1.548551321e-01
 1.516024619e-01 1.484337151e-01 1.453546882e-01 1.423873156e-01 1.395722777e-01
 1.369495839e-01 1.345583797e-01 1.324365288e-01 1.306202114e-01 1.291435957e-01
 1.280384809e-01 1.273338348e-01 1.270554960e-01 1.272256225e-01 1.278623343e-01
 1.289791614e-01 1.305847615e-01 1.326824874e-01 1.352696270e-01 1.383372098e-01
 1.418696046e-01 1.458415687e-01 1.502122283e-01 1.549669653e-01 1.600883305e-01
 1.655540019e-01 1.713444293e-01 1.774387509e-01 1.838150471e-01 1.904513389e-01
 1.973259449e-01 2.044178396e-01 2.117074132e-01 2.191771418e-01 2.268114239e-01
 2.345972508e-01 2.425233871e-01 2.505809367e-01 2.587623596e-01 2.670608759e-01
 2.754703164e-01 2.839850187e-01 2.926001549e-01 3.013125062e-01 3.101220429e-01
 3.190346658e-01 3.280656040e-01 3.372429013e-01 3.466028869e-01 3.561694920e-01
 2.132831961e-01 2.089030147e-01 2.046409547e-01 2.004881352e-01 1.964365989e-01
 1.924655139e-01 1.883068830e-01 1.840903163e-01 1.797613055e-01 1.754941940e-01
 1.712858975e-01 1.671341211e-01 1.630373597e-01 1.589950621e-01 1.550075561e-01
 1.510763168e-01 1.472039670e-01 1.433949471e-01 1.396884173e-01 1.361296028e-01
 1.327632517e-01 1.296332628e-01 1.267821789e-01 1.242509186e-01 1.220783442e-01
 1.203009263e-01 1.189523339e-01 1.180630997e-01 1.176602021e-01 1.177666560e-01
 1.184010729e-01 1.195771992e-01 1.213033199e-01 1.235817969e-01 1.264084131e-01
 1.297723353e-01 1.336550862e-01 1.380303800e-01 1.428631991e-01 1.481049210e-01
 1.537058949e-01 1.596480608e-01 1.659034044e-01 1.724495590e-01 1.792636812e-01
 1.863230169e-01 1.936060190e-01 2.010924667e-01 2.087636143e-01 2.166024297e-01
 2.245935053e-01 2.327230871e-01 2.409785539e-01 2.493481934e-01 2.578208447e-01
 2.663854659e-01 2.750307918e-01 2.837450206e-01 2.925159335e-01 3.013316691e-01
 3.101840019e-01 3.190774918e-01 3.280497491e-01 3.372065425e-01 3.467322886e-01
 2.201392949e-01 2.153679878e-01 2.106949240e-01 2.061123997e-01 2.016131729e-01
 1.971750259e-01 1.925348788e-01 1.878171116e-01 1.829684377e-01 1.781625152e-01
 1.733953953e-01 1.686636806e-01 1.639645994e-01 1.592959464e-01 1.546562314e-01
 1.500446349e-01 1.454611719e-01 1.409202516e-01 1.364719272e-01 1.321659982e-01
 1.280517727e-01 1.241775528e-01 1.205902845e-01 1.173352152e-01 1.144555062e-01
 1.119918823e-01 1.099823341e-01 1.084617078e-01 1.074614003e-01 1.070089266e-01
 1.071275249e-01 1.078357100e-01 1.091468036e-01 1.110684052e-01 1.136018336e-01
 1.167414710e-01 1.204741225e-01 1.247784272e-01 1.296249926e-01 1.349754035e-01
 1.407817900e-01 1.469836682e-01 1.535046250e-01 1.603254974e-01 1.674161404e-01
 1.747534275e-01 1.823144406e-01 1.900772899e-01 1.980219781e-01 2.061300129e-01
 2.143844217e-01 2.227694094e-01 2.312703133e-01 2.398730814e-01 2.485638261e-01
 2.573282719e-01 2.661508024e-01 2.750132084e-01 2.838926315e-01 2.927576900e-01
 3.015612662e-01 3.102258444e-01 3.186243176e-01 3.268515170e-01 3.360410035e-01
 2.261192948e-01 2.210090011e-01 2.159737945e-01 2.110071629e-01 2.061025351e-01
 2.012384534e-01 1.961502284e-01 1.909636259e-01 1.856244802e-01 1.803059578e-01
 1.750033200e-01 1.697120816e-01 1.644280553e-01 1.591473669e-01 1.538665146e-01
 1.485822946e-01 1.432916522e-01 1.380291134e-01 1.328492314e-01 1.278062463e-01
 1.229536459e-01 1.183438525e-01 1.140278205e-01 1.100547016e-01 1.064715087e-01
 1.033227965e-01 1.006503627e-01 9.849295765e-02 9.688591212e-02 9.586083144e-02
 9.544521570e-02 9.566203505e-02 9.652926028e-02 9.805935621e-02 1.002587527e-01
 1.031272337e-01 1.066573486e-01 1.108337417e-01 1.156323105e-01 1.210195944e-01
 1.269524544e-01 1.333780587e-01 1.402330250e-01 1.474408060e-01 1.549137831e-01
 1.626300961e-01 1.705615669e-01 1.786859185e-01 1.869817823e-01 1.954297274e-01
 2.040119767e-01 2.127121091e-01 2.215148211e-01 2.304055393e-01 2.393700629e-01
 2.483939677e-01 2.574618459e-01 2.665562332e-01 2.756559253e-01 2.847330272e-01
 2.937481701e-01 3.026428521e-01 3.113435209e-01 3.200031519e-01 3.294244707e-01
 2.312913835e-01 2.258855551e-01 2.205309868e-01 2.152222544e-01 2.099531889e-01
 2.047035843e-01 1.992006153e-01 1.935773939e-01 1.877780259e-01 1.819753200e-01
 1.761638820e-01 1.703380644e-01 1.644921899e-01 1.586205959e-01 1.527178138e-01
 1.467787772e-01 1.407998204e-01 1.348367780e-01 1.289476007e-01 1.231902167e-01
 1.176218092e-01 1.122984588e-01 1.072746739e-01 1.026030704e-01 9.833404422e-02
 9.451552480e-02 9.119264781e-02 8.840753138e-02 8.619898558e-02 8.460222185e-02
 8.364850283e-02 8.336477727e-02 8.377329260e-02 8.489105105e-02 8.672932535e-02
 8.929303288e-02 9.258007258e-02 9.658062458e-02 1.012765169e-01 1.066404134e-01
 1.126350984e-01 1.192125604e-01 1.263136119e-01 1.338687241e-01 1.417963654e-01
 1.499986649e-01 1.584004760e-01 1.669751257e-01 1.757025868e-01 1.845636815e-01
 1.935406923e-01 2.026176304e-01 2.117799371e-01 2.210142612e-01 2.303081602e-01
 2.396499068e-01 2.490282804e-01 2.584325373e-01 2.678528428e-01 2.772816718e-01
 2.867178917e-01 2.961766124e-01 3.057067692e-01 3.153976202e-01 3.253370225e-01
 2.357295007e-01 2.300639004e-01 2.244269550e-01 2.188144326e-01 2.132223994e-01
 2.076334357e-01 2.017449141e-01 1.957164109e-01 1.894866824e-01 1.832301021e-01
 1.769402474e-01 1.706097424e-01 1.642308980e-01 1.577959061e-01 1.512967199e-01
 1.447250396e-01 1.380939782e-01 1.314656436e-01 1.249022335e-01 1.184654310e-01
 1.122160032e-01 1.062133536e-01 1.005151868e-01 9.517717361e-02 9.025265276e-02
 8.579242975e-02 8.184451610e-02 7.845392078e-02 7.566241920e-02 7.350831479e-02
 7.202614099e-02 7.124635577e-02 7.119496167e-02 7.189305127e-02 7.335628569e-02
 7.559432834e-02 7.861017436e-02 8.239944279e-02 8.694954216e-02 9.223893285e-02
 9.823625535e-02 1.048996821e-01 1.121761128e-01 1.200002283e-01 1.282945126e-01
 1.369705647e-01 1.459264010e-01 1.550381482e-01 1.642773300e-01 1.736231595e-01
 1.830592304e-01 1.925708354e-01 2.021452636e-01 2.117714286e-01 2.214397490e-01
 2.311421037e-01 2.408718765e-01 2.506243885e-01 2.603975236e-01 2.701930106e-01
 2.800182104e-01 2.898878157e-01 2.998240292e-01 3.098553121e-01 3.200119138e-01
 2.395047247e-01 2.336098254e-01 2.277220637e-01 2.218370736e-01 2.159496993e-01
 2.100372612e-01 2.038231641e-01 1.974326223e-01 1.908062547e-01 1.841321141e-01
 1.774003804e-01 1.706014872e-01 1.637258828e-01 1.567636877e-01 1.497045755e-01
 1.425375938e-01 1.352961361e-01 1.280459911e-01 1.208528578e-01 1.137816980e-01
 1.068963856e-01 1.002592593e-01 9.393078834e-02 8.796925098e-02 8.243051916e-02
 7.736781985e-02 7.283157855e-02 6.886920333e-02 6.552497298e-02 6.283976883e-02
 6.085090339e-02 5.959183350e-02 5.909181759e-02 5.937551707e-02 6.046251208e-02
 6.236673892e-02 6.509584188e-02 6.865040958e-02 7.302320749e-02 7.819828391e-02
 8.415007591e-02 9.084245563e-02 9.822791815e-02 1.062468588e-01 1.148268282e-01
 1.238815859e-01 1.333118230e-01 1.430057585e-01 1.528335512e-01 1.627319604e-01
 1.726847142e-01 1.826805174e-01 1.927095354e-01 2.027637810e-01 2.128368765e-01
 2.229240984e-01 2.330223769e-01 2.431305647e-01 2.532496452e-01 2.633831501e-01
 2.735374868e-01 2.837218642e-01 2.939477265e-01 3.042260408e-01 3.145632446e-01
 2.426825762e-01 2.365871221e-01 2.304788530e-01 2.243527472e-01 2.182031274e-01
 2.120086700e-01 2.054850310e-01 1.987672597e-01 1.917946786e-01 1.847473234e-01
 1.776160896e-01 1.703910083e-01 1.630613655e-01 1.556157470e-01 1.480420828e-01
 1.403274536e-01 1.325258613e-01 1.247059554e-01 1.169362739e-01 1.092845649e-01
 1.018173397e-01 9.459944814e-02 8.769368380e-02 8.116055280e-02 7.505801320e-02
 6.944131851e-02 6.436285377e-02 5.987202376e-02 5.601511896e-02 5.283517390e-02
 5.037179589e-02 4.866093770e-02 4.773461074e-02 4.762053862e-02 4.834169522e-02
 4.991577566e-02 5.235455185e-02 5.566313863e-02 5.983916670e-02 6.487186253e-02
 7.074107975e-02 7.741633058e-02 8.485573530e-02 9.300507605e-02 1.017969549e-01
 1.111502945e-01 1.209695786e-01 1.311445087e-01 1.415527463e-01 1.520547569e-01
 1.625690460e-01 1.730853766e-01 1.835979223e-01 1.941023767e-01 2.045958787e-01
 2.150769383e-01 2.255453616e-01 2.360023409e-01 2.464503646e-01 2.568932772e-01
 2.673360407e-01 2.777844667e-01 2.882444859e-01 2.987215221e-01 3.092201054e-01
 2.453230172e-01 2.390564680e-01 2.327588648e-01 2.264246345e-01 2.200476229e-01
 2.136067152e-01 2.068154663e-01 1.998099685e-01 1.925279200e-01 1.851487458e-01
 1.776620299e-01 1.700565666e-01 1.623203456e-01 1.544406116e-01 1.464038938e-01
 1.381988376e-01 1.298960596e-01 1.215665638e-01 1.132812873e-01 1.051103696e-01
 9.712259471e-02 8.938491344e-02 8.196212351e-02 7.491655648e-02 6.830790639e-02
 6.219306961e-02 5.662603304e-02 5.165778846e-02 4.733626172e-02 4.370620847e-02
 4.080909863e-02 3.868292272e-02 3.736197948e-02 3.687655553e-02 3.725249693e-02
 3.851072863e-02 4.066661000e-02 4.372922704e-02 4.770054296e-02 5.257447064e-02
 5.833584443e-02 6.495934725e-02 7.240840793e-02 8.063415438e-02 8.957438171e-02
 9.915265441e-02 1.092778072e-01 1.198436990e-01 1.307285428e-01 1.417973936e-01
 1.528987437e-01 1.639547199e-01 1.749633253e-01 1.859246045e-01 1.968396902e-01
 2.077105045e-01 2.185397893e-01 2.293309718e-01 2.400881052e-01 2.508157790e-01
 2.615188956e-01 2.722025514e-01 2.828715444e-01 2.935301363e-01 3.041813374e-01
 2.474817187e-01 2.410745323e-01 2.346195430e-01 2.281108499e-01 2.215419114e-01
 2.148892730e-01 2.078718394e-01 2.006193995e-01 1.930709630e-01 1.854049265e-01
 1.776098609e-01 1.696733981e-01 1.615821421e-01 1.533216089e-01 1.448761672e-01
 1.362481713e-01 1.275112331e-01 1.187392920e-01 1.100057587e-01 1.013830081e-01
 9.294183552e-02 8.475103229e-02 7.687705010e-02 6.938377023e-02 6.233228371e-02
 5.578081310e-02 4.978462681e-02 4.439597577e-02 3.966407478e-02 3.563504666e-02
 3.235182911e-02 2.985406667e-02 2.817790583e-02 2.735571936e-02 2.741574869e-02
 2.838160843e-02 3.027170710e-02 3.309853002e-02 3.686778992e-02 4.157749191e-02
 4.721688107e-02 5.376530066e-02 6.119102612e-02 6.945008039e-02 7.848511636e-02
 8.822439611e-02 9.858099371e-02 1.094522104e-01 1.207197011e-01 1.322491467e-01
 1.438926607e-01 1.554857939e-01 1.669827253e-01 1.783896238e-01 1.897119284e-01
 2.009553313e-01 2.121256590e-01 2.232288718e-01 2.342710346e-01 2.452581227e-01
 2.561959922e-01 2.670902312e-01 2.779459059e-01 2.887674868e-01 2.995587587e-01
 2.492117584e-01 2.426946610e-01 2.361144722e-01 2.294652015e-01 2.227401584e-01
 2.159157246e-01 2.087103873e-01 2.012536079e-01 1.934837699e-01 1.855785996e-01
 1.775258332e-01 1.693120897e-01 1.609227806e-01 1.523421258e-01 1.435530037e-01
 1.345698684e-01 1.254685819e-01 1.163250878e-01 1.072147414e-01 9.821172804e-02
 8.938849717e-02 8.081534505e-02 7.256009430e-02 6.468784809e-02 5.726085231e-02
 5.033838004e-02 4.397669435e-02 3.822904080e-02 3.314563632e-02 2.877366357e-02
 2.515721880e-02 2.233723737e-02 2.035132982e-02 1.923354901e-02 1.901405677e-02
 1.971867494e-02 2.136830986e-02 2.397826873e-02 2.755741216e-02 3.210721165e-02
 3.762067109e-02 4.408115521e-02 5.146116018e-02 5.972105265e-02 6.880783290e-02
 7.865398377e-02 8.917653561e-02 1.002763212e-01 1.118375883e-01 1.237282827e-01
 1.358002573e-01 1.478920728e-01 1.598465741e-01 1.716685146e-01 1.833671480e-01
 1.949518472e-01 2.064317614e-01 2.178156823e-01 2.291119695e-01 2.403285056e-01
 2.514726222e-01 2.625510991e-01 2.735700309e-01 2.845347822e-01 2.954499722e-01
 2.505644858e-01 2.439672500e-01 2.372932285e-01 2.305367142e-01 2.236911654e-01
 2.167349011e-01 2.093806267e-01 2.017632574e-01 1.938189268e-01 1.857247949e-01
 1.774679273e-01 1.690341234e-01 1.604079306e-01 1.515724808e-01 1.425095499e-01
 1.332432330e-01 1.238508895e-01 1.144100130e-01 1.049974784e-01 9.568884969e-02
 8.655788749e-02 7.767606527e-02 6.911229342e-02 6.093265861e-02 5.320028961e-02
 4.597529024e-02 3.931470588e-02 3.327254578e-02 2.789979987e-02 2.324445918e-02
 1.935151406e-02 1.626289077e-02 1.401733421e-02 1.265020482e-02 1.219316851e-02
 1.267378218e-02 1.411494240e-02 1.653420739e-02 1.994297467e-02 2.434552461e-02
 2.973793447e-02 3.610688820e-02 4.342839122e-02 5.166645348e-02 6.077177450e-02
 7.068049163e-02 8.131307364e-02 9.257346392e-02 1.043485478e-01 1.165079772e-01
 1.289047152e-01 1.413754672e-01 1.537432969e-01 1.659326702e-01 1.779600978e-01
 1.898400038e-01 2.015854120e-01 2.132081836e-01 2.247191668e-01 2.361282557e-01
 2.474445105e-01 2.586760521e-01 2.698302567e-01 2.809135616e-01 2.919315994e-01
 2.515890300e-01 2.449388802e-01 2.382003367e-01 2.313683033e-01 2.244367450e-01
 2.173836380e-01 2.099239081e-01 2.021904588e-01 1.941198111e-01 1.858887374e-01
 1.774837226e-01 1.688899249e-01 1.600911170e-01 1.510697007e-01 1.418066025e-01
 1.323321760e-01 1.227249205e-01 1.130634472e-01 1.034257114e-01 9.388833493e-02
 8.452603966e-02 7.541121542e-02 6.661358476e-02 5.819998682e-02 5.023423955e-02
 4.277707636e-02 3.588614613e-02 2.961604111e-02 2.401833422e-02 1.914164051e-02
 1.503161062e-02 1.173092052e-02 9.279163554e-03 7.712676190e-03 7.064256351e-03
 7.362763863e-03 8.632595651e-03 1.089301705e-02 1.415735390e-02 1.843203604e-02
 2.371551283e-02 2.999703586e-02 3.725535423e-02 4.545735568e-02 5.455668271e-02
 6.449241936e-02 7.518789917e-02 8.654972911e-02 9.846713394e-02 1.108117551e-01
 1.234379038e-01 1.361836940e-01 1.488723457e-01 1.613510251e-01 1.736378521e-01
 1.857500672e-01 1.977033764e-01 2.095120847e-01 2.211891562e-01 2.327463031e-01
 2.441941202e-01 2.555420697e-01 2.667986155e-01 2.779712677e-01 2.890665829e-01
 2.523301840e-01 2.456503958e-01 2.388732731e-01 2.319946587e-01 2.250094116e-01
 2.178945839e-01 2.103708237e-01 2.025660723e-01 1.944184303e-01 1.861041188e-01
 1.776089668e-01 1.689174622e-01 1.600127369e-01 1.508766711e-01 1.414896548e-01
 1.318845600e-01 1.221405789e-01 1.123370975e-01 1.025528088e-01 9.286504239e-02
 8.334920555e-02 7.407831401e-02 6.512269378e-02 5.654972047e-02 4.842372984e-02
 4.080592841e-02 3.375441208e-02 2.732421272e-02 2.156734280e-02 1.653287187e-02
 1.226693857e-02 8.812754415e-03 6.210515741e-03 4.497246351e-03 3.706532530e-03
 3.868140047e-03 5.007504486e-03 7.145075593e-03 1.029551588e-02 1.446675323e-02
 1.965888962e-02 2.586298063e-02 3.305971622e-02 4.121803492e-02 5.029370263e-02
 6.022795290e-02 7.094623893e-02 8.235719800e-02 9.435191005e-02 1.068036184e-01
 1.195679829e-01 1.324839890e-01 1.453758180e-01 1.580546498e-01 1.705189645e-01
 1.827885658e-01 1.948814243e-01 2.068138123e-01 2.186003476e-01 2.302541584e-01
 2.417870462e-01 2.532095015e-01 2.645308673e-01 2.757594287e-01 2.869024873e-01
 2.528250217e-01 2.461342067e-01 2.393401861e-01 2.324396968e-01 2.254289389e-01
 2.182887644e-01 2.107364684e-01 2.029061168e-01 1.947330981e-01 1.863920093e-01
 1.778670996e-01 1.691420972e-01 1.601998061e-01 1.510219276e-01 1.415887922e-01
 1.319317520e-01 1.221304238e-01 1.122645810e-01 1.024133191e-01 9.265436977e-02
 8.306354284e-02 7.371425629e-02 6.467718631e-02 5.602009222e-02 4.780763760e-02
 4.010137171e-02 3.295970708e-02 2.643799409e-02 2.058856003e-02 1.546079107e-02
 1.110116299e-02 7.553239353e-03 4.857601598e-03 3.051697044e-03 2.169586020e-03
 2.241568873e-03 3.293682123e-03 5.347054452e-03 8.417111821e-03 1.251263265e-02
 1.763466373e-02 2.377529256e-02 3.091633320e-02 3.902791068e-02 4.806704819e-02
 5.797627196e-02 6.868232042e-02 8.009508252e-02 9.210680425e-02 1.045916975e-01
 1.174061000e-01 1.303892285e-01 1.433645338e-01 1.561420858e-01 1.686907262e-01
 1.810328811e-01 1.931883693e-01 2.051748484e-01 2.170079798e-01 2.287017852e-01
 2.402687073e-01 2.517198324e-01 2.630650401e-01 2.743129730e-01 2.854713202e-01
 2.530991137e-01 2.464126199e-01 2.396199554e-01 2.327171713e-01 2.256999612e-01
 2.185633332e-01 2.110119760e-01 2.032058537e-01 1.950692832e-01 1.867634654e-01
 1.782713681e-01 1.695777774e-01 1.606664211e-01 1.515196711e-01 1.421183348e-01
 1.324882954e-01 1.227092072e-01 1.128608882e-01 1.030225083e-01 9.327188879e-02
 8.368493617e-02 7.433520257e-02 6.529352814e-02 5.662784353e-02 4.840299487e-02
 4.068072513e-02 3.351965174e-02 2.697531879e-02 2.110026032e-02 1.594405621e-02
 1.155337412e-02 7.971963845e-03 5.240587983e-03 3.396872198e-03 2.475052606e-03
 2.505605808e-03 3.514749929e-03 5.523802713e-03 8.548391983e-03 1.259751432e-02
 1.767245680e-02 2.376557887e-02 3.085898980e-02 3.892315179e-02 4.791546240e-02
 5.777886510e-02 6.844055653e-02 7.981092483e-02 9.178274125e-02 1.042307690e-01
 1.170119047e-01 1.299658716e-01 1.429166496e-01 1.556746960e-01 1.682034284e-01
 1.805254519e-01 1.926607788e-01 2.046271563e-01 2.164403349e-01 2.281143814e-01
 2.396617681e-01 2.510935962e-01 2.624197006e-01 2.736487985e-01 2.847885191e-01
 2.531631887e-01 2.464972585e-01 2.397265136e-01 2.328452319e-01 2.258452624e-01
 2.187038213e-01 2.112224847e-01 2.034842372e-01 1.954463720e-01 1.872311234e-01
 1.788292080e-01 1.702282876e-01 1.614137739e-01 1.523692012e-01 1.430762559e-01
 1.335511655e-01 1.238732189e-01 1.141218692e-01 1.043759286e-01 9.471295774e-02
 8.520863950e-02 7.593636960e-02 6.696692109e-02 5.836817250e-02 5.020500347e-02
 4.253919050e-02 3.542943299e-02 2.893135510e-02 2.309756912e-02 1.797772571e-02
 1.361854281e-02 1.006378699e-02 7.354202215e-03 5.527348258e-03 4.617342260e-03
 4.654488992e-03 5.664773751e-03 7.669222541e-03 1.068311278e-02 1.471504103e-02
 1.976584271e-02 2.582739294e-02 3.288129345e-02 4.089749977e-02 4.983291775e-02
 5.963005126e-02 7.021574676e-02 8.150015026e-02 9.337596595e-02 1.057181209e-01
 1.183839515e-01 1.312139630e-01 1.440332830e-01 1.566532850e-01 1.690570861e-01
 1.812656224e-01 1.932975054e-01 2.051693052e-01 2.168958336e-01 2.284903079e-01
 2.399645597e-01 2.513290942e-01 2.625932693e-01 2.737653255e-01 2.848525047e-01
 2.530090511e-01 2.463838160e-01 2.396612465e-01 2.328355610e-01 2.258997858e-01
 2.188346833e-01 2.114412040e-01 2.038067281e-01 1.958855987e-01 1.877990365e-01
 1.795357615e-01 1.710832417e-01 1.624275148e-01 1.535530239e-01 1.444425434e-01
 1.350985318e-01 1.255993545e-01 1.160234734e-01 1.064488441e-01 9.695228189e-02
 8.760890365e-02 7.849165052e-02 6.967092305e-02 6.121436134e-02 5.318666250e-02
 4.564949125e-02 3.866146505e-02 3.227815032e-02 2.655210346e-02 2.153290808e-02
 1.726716943e-02 1.379849389e-02 1.116739027e-02 9.411099367e-03 8.563322015e-03
 8.653834462e-03 9.707975201e-03 1.174600050e-02 1.478229649e-02 1.882444322e-02
 2.387215383e-02 2.991608530e-02 3.693655133e-02 4.490218312e-02 5.376857147e-02
 6.347694993e-02 7.395301759e-02 8.510596305e-02 9.682782739e-02 1.089932472e-01
 1.214598119e-01 1.340691298e-01 1.466488838e-01 1.590199023e-01 1.712009609e-01
 1.832088232e-01 1.950590760e-01 2.067660540e-01 2.183427364e-01 2.298008651e-01
 2.411509752e-01 2.524024844e-01 2.635638416e-01 2.746424079e-01 2.856447101e-01
 2.526084483e-01 2.460471839e-01 2.394005954e-01 2.326629162e-01 2.258275598e-01
 2.188767940e-01 2.116104513e-01 2.041184902e-01 1.963549554e-01 1.884404123e-01
 1.803637743e-01 1.721129119e-01 1.636745483e-01 1.550342441e-01 1.461764574e-01
 1.370881051e-01 1.278441697e-01 1.185212433e-01 1.091958135e-01 9.994356334e-02
 9.083862603e-02 8.195317537e-02 7.335699350e-02 6.511721760e-02 5.729814246e-02
 4.996113479e-02 4.316454381e-02 3.696371987e-02 3.141099587e-02 2.655570395e-02
 2.244416252e-02 1.911960542e-02 1.662207209e-02 1.498821005e-02 1.425098628e-02
 1.443928014e-02 1.557736378e-02 1.768424548e-02 2.077287436e-02 2.484922484e-02
 2.991123125e-02 3.594763204e-02 4.293671995e-02 5.084503070e-02 5.962606519e-02
 6.921903789e-02 7.954777032e-02 9.051983058e-02 1.020259410e-01 1.139398366e-01
 1.261185855e-01 1.384033561e-01 1.506202817e-01 1.626596153e-01 1.745381802e-01
 1.862709522e-01 1.978712678e-01 2.093511373e-01 2.207214385e-01 2.319920510e-01
 2.431718558e-01 2.542688549e-01 2.652902007e-01 2.762421668e-01 2.871302962e-01
 2.519178092e-01 2.454463989e-01 2.389044613e-01 2.322862446e-01 2.255853862e-01
 2.187848836e-01 2.116839290e-01 2.043740451e-01 1.968092918e-01 1.891109496e-01
 1.812684536e-01 1.732703298e-01 1.651041955e-01 1.567565650e-01 1.482127756e-01
 1.394568533e-01 1.305444688e-01 1.215508655e-01 1.125511453e-01 1.036196202e-01
 9.482922405e-02 8.625106514e-02 7.795400172e-02 7.000441849e-02 6.246595085e-02
 5.539942905e-02 4.886272550e-02 4.291075468e-02 3.759542480e-02 3.296560794e-02
 2.906710096e-02 2.594252490e-02 2.363117971e-02 2.216881514e-02 2.158731967e-02
 2.191429399e-02 2.317250706e-02 2.537923679e-02 2.854547091e-02 3.267499059e-02
 3.776333854e-02 4.379668087e-02 5.075060576e-02 5.858889222e-02 6.726227701e-02
 7.670733333e-02 8.684546500e-02 9.758216888e-02 1.088066250e-01 1.203917414e-01
 1.321947277e-01 1.440585852e-01 1.558166742e-01 1.674425155e-01 1.789471358e-01
 1.903407723e-01 2.016330510e-01 2.128329277e-01 2.239486575e-01 2.349879146e-01
 2.459577024e-01 2.568643689e-01 2.677136362e-01 2.785104811e-01 2.892592549e-01
 2.508850992e-01 2.445315719e-01 2.381240129e-01 2.316567749e-01 2.251236886e-01
 2.185067385e-01 2.116097659e-01 2.045206577e-01 1.971956044e-01 1.897565722e-01
 1.821939349e-01 1.744973361e-01 1.666555703e-01 1.586565226e-01 1.504870057e-01
 1.421325803e-01 1.336227506e-01 1.250309050e-01 1.164302006e-01 1.078931168e-01
 9.949095547e-02 9.129335731e-02 8.336793631e-02 7.577995956e-02 6.859213859e-02
 6.186445802e-02 5.565406382e-02 5.001516268e-02 4.499897361e-02 4.065365344e-02
 3.702419996e-02 3.415233269e-02 3.207629919e-02 3.083060868e-02 3.044570610e-02
 3.094749898e-02 3.235681355e-02 3.468871117e-02 3.795169666e-02 4.214682430e-02
 4.726665840e-02 5.329421163e-02 6.020178646e-02 6.794983149e-02 7.648579776e-02
 8.574314415e-02 9.564045817e-02 1.060808823e-01 1.169518232e-01 1.281250417e-01
 1.394576728e-01 1.507923156e-01 1.620355248e-01 1.731940508e-01 1.842738092e-01
 1.952806562e-01 2.062204778e-01 2.170990109e-01 2.279218733e-01 2.386944741e-01
 2.494219244e-01 2.601089478e-01 2.707598805e-01 2.813784480e-01 2.919677794e-01
 2.494547516e-01 2.432485223e-01 2.370058298e-01 2.307212949e-01 2.243890762e-01
 2.179917693e-01 2.113328725e-01 2.045017332e-01 1.974550635e-01 1.903159022e-01
 1.830758452e-01 1.757259071e-01 1.682565063e-01 1.606574208e-01 1.529176831e-01
 1.450255960e-01 1.369838715e-01 1.288617104e-01 1.207293570e-01 1.126567945e-01
 1.047131643e-01 9.696619958e-02 8.948184550e-02 8.232390881e-02 7.555380464e-02
 6.923034787e-02 6.340961903e-02 5.814480409e-02 5.348611996e-02 4.948068038e-02
 4.617236555e-02 4.360164702e-02 4.180536047e-02 4.081640765e-02 4.066337273e-02
 4.137005284e-02 4.295488074e-02 4.543022439e-02 4.880162328e-02 5.306687579e-02
 5.821507797e-02 6.422559172e-02 7.106696069e-02 7.869587839e-02 8.705615997e-02
 9.607789665e-02 1.056767702e-01 1.157536134e-01 1.261943728e-01 1.368707865e-01
 1.476394832e-01 1.583710164e-01 1.690667272e-01 1.797258854e-01 1.903492063e-01
 2.009382993e-01 2.114954144e-01 2.220233083e-01 2.325251549e-01 2.430044115e-01
 2.534645796e-01 2.639091909e-01 2.743414640e-01 2.847641408e-01 2.951793373e-01
 2.475703359e-01 2.415411621e-01 2.354941070e-01 2.294241190e-01 2.233255804e-01
 2.171826810e-01 2.107951641e-01 2.042570859e-01 1.975247413e-01 1.907224059e-01
 1.838432401e-01 1.768800020e-01 1.698249727e-01 1.626698822e-01 1.554059982e-01
 1.480240971e-01 1.405142844e-01 1.329261363e-01 1.253271699e-01 1.177847311e-01
 1.103654429e-01 1.031347811e-01 9.615661204e-02 8.949287981e-02 8.320331573e-02
 7.734518498e-02 7.197310776e-02 6.713889539e-02 6.289137155e-02 5.927624181e-02
 5.633587763e-02 5.410911888e-02 5.263098329e-02 5.193234980e-02 5.203953013e-02
 5.297376215e-02 5.475063249e-02 5.737937614e-02 6.086210161e-02 6.519292295e-02
 7.035704702e-02 7.632978261e-02 8.307559788e-02 9.054715931e-02 9.868449718e-02
 1.074142978e-01 1.166494042e-01 1.262887865e-01 1.362174153e-01 1.463056207e-01
 1.564193964e-01 1.665517688e-01 1.766955405e-01 1.868462861e-01 1.970008314e-01
 2.071572989e-01 2.173149288e-01 2.274740338e-01 2.376358360e-01 2.478024065e-01
 2.579764128e-01 2.681609094e-01 2.783588767e-01 2.885728478e-01 2.988045514e-01
 2.451746762e-01 2.393520176e-01 2.335314155e-01 2.277081013e-01 2.218765020e-01
 2.160195708e-01 2.099397480e-01 2.037272900e-01 1.973405033e-01 1.909065992e-01
 1.844211221e-01 1.778788269e-01 1.712737530e-01 1.645995378e-01 1.578494608e-01
 1.510164440e-01 1.440931112e-01 1.370958537e-01 1.300886124e-01 1.231354997e-01
 1.163002327e-01 1.096455306e-01 1.032327712e-01 9.712158889e-02 9.136956930e-02
 8.603201807e-02 8.116166294e-02 7.680850476e-02 7.301955670e-02 6.983867288e-02
 6.730628759e-02 6.545917690e-02 6.433010846e-02 6.394749135e-02 6.433492154e-02
 6.551064551e-02 6.748699397e-02 7.026963681e-02 7.385687530e-02 7.823879272e-02
 8.339638263e-02 8.930068463e-02 9.591190517e-02 1.031786129e-01 1.110370308e-01
 1.194106191e-01 1.282099783e-01 1.373321414e-01 1.466624141e-01 1.560766846e-01
 1.655669659e-01 1.751198173e-01 1.847257018e-01 1.943764687e-01 2.040656507e-01
 2.137883306e-01 2.235411853e-01 2.333224267e-01 2.431318611e-01 2.529709339e-01
 2.628425956e-01 2.727509737e-01 2.827006876e-01 2.926959395e-01 3.027391732e-01
 2.422082424e-01 2.366208136e-01 2.310574353e-01 2.255139947e-01 2.199852020e-01
 2.144527286e-01 2.087170035e-01 2.028593570e-01 1.968375444e-01 1.907958239e-01
 1.847310960e-01 1.786385328e-01 1.725132763e-01 1.663504690e-01 1.601454169e-01
 1.538936496e-01 1.475910246e-01 1.412333548e-01 1.348679662e-01 1.285554767e-01
 1.223560944e-01 1.163293347e-01 1.105335802e-01 1.050256938e-01 9.986066818e-02
 9.509135038e-02 9.076812118e-02 8.693867922e-02 8.364776522e-02 8.093690872e-02
 7.884413749e-02 7.740367949e-02 7.664560527e-02 7.659541070e-02 7.727352530e-02
 7.869481295e-02 8.086793870e-02 8.379469812e-02 8.746927232e-02 9.187749773e-02
 9.699601680e-02 1.027915105e-01 1.092199460e-01 1.162259281e-01 1.237422824e-01
 1.316894442e-01 1.399745494e-01 1.484965831e-01 1.571635753e-01 1.659619659e-01
 1.748738289e-01 1.838852912e-01 1.929836720e-01 2.021580189e-01 2.113989890e-01
 2.206988037e-01 2.300514430e-01 2.394528538e-01 2.489013821e-01 2.583981752e-01
 2.679477036e-01 2.775576711e-01 2.872380614e-01 2.969993651e-01 3.068502545e-01
 2.386065722e-01 2.332819253e-01 2.280053198e-01 2.227739096e-01 2.175857425e-01
 2.124311030e-01 2.070459127e-01 2.015656680e-01 1.959311366e-01 1.903081834e-01
 1.846908033e-01 1.790740490e-01 1.734537333e-01 1.678263247e-01 1.621889025e-01
 1.565390378e-01 1.508749425e-01 1.451955289e-01 1.395132095e-01 1.338833719e-01
 1.283623874e-01 1.230061352e-01 1.178695783e-01 1.130063310e-01 1.084683165e-01
 1.043054312e-01 1.005652174e-01 9.729257226e-02 9.452944994e-02 9.231455624e-02
 9.068302065e-02 8.966605365e-02 8.929053694e-02 8.957861364e-02 9.054715931e-02
 9.220728278e-02 9.456367046e-02 9.761400521e-02 1.013482139e-01 1.057477742e-01
 1.107850075e-01 1.164224744e-01 1.226123199e-01 1.292957067e-01 1.364018321e-01
 1.438496113e-01 1.515465975e-01 1.594469547e-01 1.675312221e-01 1.757778972e-01
 1.841696203e-01 1.926899552e-01 2.013241649e-01 2.100587934e-01 2.188816220e-01
 2.277816385e-01 2.367492765e-01 2.457766980e-01 2.548586726e-01 2.639939785e-01
 2.731877267e-01 2.824543118e-01 2.918194532e-01 3.013155460e-01 3.109664619e-01
 2.342996895e-01 2.292654365e-01 2.243031263e-01 2.194091827e-01 2.145800442e-01
 2.097990960e-01 2.048104405e-01 1.997403055e-01 1.945362985e-01 1.893651038e-01
 1.842227727e-01 1.791058779e-01 1.740116775e-01 1.689382046e-01 1.638842523e-01
 1.588495374e-01 1.538347453e-01 1.488415599e-01 1.438727528e-01 1.389567554e-01
 1.341455728e-01 1.294912249e-01 1.250448227e-01 1.208563000e-01 1.169740483e-01
 1.134445295e-01 1.103119329e-01 1.076178476e-01 1.054009274e-01 1.036965474e-01
 1.025364399e-01 1.019482985e-01 1.019554064e-01 1.025761217e-01 1.038234234e-01
 1.057043523e-01 1.082194373e-01 1.113620773e-01 1.151179448e-01 1.194643825e-01
 1.243698075e-01 1.297929436e-01 1.356818974e-01 1.419751942e-01 1.486023515e-01
 1.554985493e-01 1.626467258e-01 1.700236350e-01 1.776068211e-01 1.853769422e-01
 1.933154315e-01 2.014051527e-01 2.096298188e-01 2.179739624e-01 2.264226526e-01
 2.349612862e-01 2.435754389e-01 2.522508204e-01 2.609734535e-01 2.697308362e-01
 2.785154581e-01 2.873336971e-01 2.962245047e-01 3.052874207e-01 3.146717548e-01
 2.292153090e-01 2.245036960e-01 2.198869139e-01 2.153597027e-01 2.109171450e-01
 2.065401077e-01 2.019757628e-01 1.973463744e-01 1.926012188e-01 1.879081577e-01
 1.832642555e-01 1.786672324e-01 1.741155982e-01 1.696087867e-01 1.651472002e-01
 1.607324034e-01 1.563671976e-01 1.520558596e-01 1.478043199e-01 1.436196417e-01
 1.395367086e-01 1.356026530e-01 1.318644434e-01 1.283678710e-01 1.251572669e-01
 1.222751737e-01 1.197619662e-01 1.176554263e-01 1.159904227e-01 1.147984937e-01
 1.141075045e-01 1.139411852e-01 1.143187508e-01 1.152544618e-01 1.167571321e-01
 1.188295707e-01 1.214680448e-01 1.246618256e-01 1.283925325e-01 1.326333135e-01
 1.373481154e-01 1.424944848e-01 1.480186135e-01 1.538655311e-01 1.600201279e-01
 1.664599627e-01 1.731622666e-01 1.801064461e-01 1.872733533e-01 1.946443021e-01
 2.022015750e-01 2.099279314e-01 2.178066075e-01 2.258209437e-01 2.339541614e-01
 2.421888560e-01 2.505063713e-01 2.588857114e-01 2.673016787e-01 2.757215202e-01
 2.840988934e-01 2.923634946e-01 3.004203439e-01 3.084182739e-01 3.172674179e-01
 2.232843041e-01 2.189363539e-01 2.147038728e-01 2.105798274e-01 2.065578848e-01
 2.026175708e-01 1.985067576e-01 1.943462640e-01 1.900859475e-01 1.858940125e-01
 1.817681491e-01 1.777068824e-01 1.737096608e-01 1.697769761e-01 1.659104675e-01
 1.621130556e-01 1.583891511e-01 1.547447592e-01 1.511877328e-01 1.477283537e-01
 1.443781555e-01 1.411693841e-01 1.381433904e-01 1.353417635e-01 1.328045428e-01
 1.305698901e-01 1.286738962e-01 1.271501034e-01 1.260291338e-01 1.253383011e-01
 1.251011044e-01 1.253369004e-01 1.260605007e-01 1.272818595e-01 1.290054917e-01
 1.312299371e-01 1.339469105e-01 1.371407658e-01 1.407906115e-01 1.448678672e-01
 1.493294090e-01 1.541493833e-01 1.593131274e-01 1.648009717e-01 1.705930680e-01
 1.766706109e-01 1.830162257e-01 1.896127313e-01 1.964431852e-01 2.034910321e-01
 2.107398361e-01 2.181732208e-01 2.257747352e-01 2.335277498e-01 2.414152473e-01
 2.494194508e-01 2.575213015e-01 2.656994164e-01 2.739283144e-01 2.821753323e-01
 2.903942466e-01 2.985132039e-01 3.064182699e-01 3.141988218e-01 3.229067028e-01
 2.164491266e-01 2.125160694e-01 2.087146640e-01 2.050363272e-01 2.014736235e-01
 1.980071366e-01 1.943791360e-01 1.907155216e-01 1.869645119e-01 1.832945347e-01
 1.797036827e-01 1.761909425e-01 1.727563590e-01 1.694011092e-01 1.661275923e-01
 1.629396081e-01 1.598424911e-01 1.568432748e-01 1.539509296e-01 1.511765420e-01
 1.485340893e-01 1.460398138e-01 1.437149942e-01 1.415971667e-01 1.397206187e-01
 1.381187290e-01 1.368231922e-01 1.358630955e-01 1.352645755e-01 1.350502819e-01
 1.352390498e-01 1.358453333e-01 1.368788183e-01 1.383441538e-01 1.402428746e-01
 1.425705850e-01 1.453147382e-01 1.484513432e-01 1.519652754e-01 1.558482647e-01
 1.600866318e-01 1.646652222e-01 1.695690900e-01 1.747836918e-01 1.802956015e-01
 1.860914826e-01 1.921578497e-01 1.984812915e-01 2.050481737e-01 2.118443251e-01
 2.188551128e-01 2.260653377e-01 2.334593982e-01 2.410213947e-01 2.487352788e-01
 2.565849423e-01 2.645544112e-01 2.726278007e-01 2.807900608e-01 2.890280485e-01
 2.973348796e-01 3.057204485e-01 3.142337203e-01 3.229756057e-01 3.320324421e-01
 2.086758912e-01 2.052179575e-01 2.019009441e-01 1.987153888e-01 1.956534386e-01
 1.926953197e-01 1.895840764e-01 1.864451170e-01 1.832270622e-01 1.800986081e-01
 1.770580113e-01 1.741044819e-01 1.712383330e-01 1.684610397e-01 1.657753885e-01
 1.631855369e-01 1.606971622e-01 1.583175659e-01 1.560557932e-01 1.539229006e-01
 1.519319117e-01 1.500986218e-01 1.484414786e-01 1.469808966e-01 1.457372457e-01
 1.447381377e-01 1.440115273e-01 1.435819119e-01 1.434706300e-01 1.436956376e-01
 1.442710608e-01 1.452063918e-01 1.465052515e-01 1.481630951e-01 1.501842588e-01
 1.525685340e-01 1.553113014e-01 1.584049463e-01 1.618407369e-01 1.656095386e-01
 1.697016954e-01 1.741078496e-01 1.788191050e-01 1.838269681e-01 1.891231686e-01
 1.946997792e-01 2.005488127e-01 2.066616565e-01 2.130285800e-01 2.196382433e-01
 2.264776975e-01 2.335324585e-01 2.407871485e-01 2.482259721e-01 2.558334172e-01
 2.635948360e-01 2.714969516e-01 2.795286179e-01 2.876816392e-01 2.959522009e-01
 3.043428361e-01 3.128644228e-01 3.215363324e-01 3.303847909e-01 3.394450247e-01
 1.999672353e-01 1.970498860e-01 1.942735910e-01 1.916292161e-01 1.891095638e-01
 1.866941899e-01 1.841318458e-01 1.815441400e-01 1.788818687e-01 1.763136089e-01
 1.738375723e-01 1.714528054e-01 1.691595167e-01 1.669592112e-01 1.648547351e-01
 1.628503054e-01 1.609515697e-01 1.591656357e-01 1.575010717e-01 1.559679806e-01
 1.545781344e-01 1.533447355e-01 1.522825807e-01 1.514080763e-01 1.507387012e-01
 1.502926946e-01 1.500883549e-01 1.501429677e-01 1.504721493e-01 1.510893255e-01
 1.520054042e-01 1.532284319e-01 1.547636241e-01 1.566138417e-01 1.587801874e-01
 1.612620056e-01 1.640566587e-01 1.671597511e-01 1.705660522e-01 1.742700338e-01
 1.782660335e-01 1.825487614e-01 1.871137470e-01 1.919577867e-01 1.970791519e-01
 2.024772316e-01 2.081517279e-01 2.141011059e-01 2.203210443e-01 2.268036008e-01
 2.335364521e-01 2.405041158e-01 2.476885617e-01 2.550714314e-01 2.626354098e-01
 2.703652680e-01 2.782483697e-01 2.862750292e-01 2.944389880e-01 3.027374446e-01
 3.111715019e-01 3.197460473e-01 3.284691572e-01 3.373494446e-01 3.463889956e-01
 1.903734952e-01 1.880614609e-01 1.858798563e-01 1.838212013e-01 1.818804443e-01
 1.800403893e-01 1.780516505e-01 1.760394722e-01 1.739545912e-01 1.719656140e-01
 1.700688750e-01 1.682623327e-01 1.665457785e-01 1.649206430e-01 1.633898914e-01
 1.619578153e-01 1.606299877e-01 1.594132334e-01 1.583155394e-01 1.573460400e-01
 1.565150023e-01 1.558337510e-01 1.553145349e-01 1.549703181e-01 1.548145413e-01
 1.548610181e-01 1.551233679e-01 1.556144655e-01 1.563460976e-01 1.573285758e-01
 1.585705280e-01 1.600786597e-01 1.618577391e-01 1.639106274e-01 1.662386805e-01
 1.688417047e-01 1.717179716e-01 1.748646051e-01 1.782777756e-01 1.819531620e-01
 1.858866364e-01 1.900749654e-01 1.945168078e-01 1.992137879e-01 2.041714936e-01
 2.093998939e-01 2.149116546e-01 2.207199633e-01 2.268330306e-01 2.332472801e-01
 2.399482727e-01 2.469102442e-01 2.541057765e-01 2.615081072e-01 2.690944970e-01
 2.768470645e-01 2.847527862e-01 2.928026617e-01 3.009910882e-01 3.093152046e-01
 3.177744150e-01 3.263696730e-01 3.351026177e-01 3.439747095e-01 3.529874980e-01
 1.800002307e-01 1.783505827e-01 1.768088937e-01 1.753703952e-01 1.740331352e-01
 1.727857441e-01 1.713784784e-01 1.699605435e-01 1.684847325e-01 1.671011597e-01
 1.658014208e-01 1.645828038e-01 1.634457707e-01 1.623925716e-01 1.614268720e-01
 1.605534554e-01 1.597781479e-01 1.591076404e-01 1.585495472e-01 1.581122577e-01
 1.578049213e-01 1.576373279e-01 1.576197594e-01 1.577629745e-01 1.580778956e-01
 1.585753858e-01 1.592660248e-01 1.601598263e-01 1.612660140e-01 1.625927240e-01
 1.641468257e-01 1.659338474e-01 1.679578125e-01 1.702213138e-01 1.727253497e-01
 1.754695028e-01 1.784519851e-01 1.816696376e-01 1.851182580e-01 1.887928098e-01
 1.926879585e-01 1.967988014e-01 2.011223882e-01 2.056601197e-01 2.104218155e-01
 2.154314369e-01 2.207328528e-01 2.263776958e-01 2.324045151e-01 2.388246953e-01
 2.456027716e-01 2.526867092e-01 2.600120008e-01 2.675310373e-01 2.752139568e-01
 2.830432653e-01 2.910090685e-01 2.991060317e-01 3.073316216e-01 3.156848848e-01
 3.241659105e-01 3.327753246e-01 3.415137529e-01 3.503815532e-01 3.593777716e-01
 1.690103114e-01 1.680665761e-01 1.671966910e-01 1.663982421e-01 1.656717509e-01
 1.650064439e-01 1.641577482e-01 1.633428335e-01 1.625512391e-01 1.618060470e-01
 1.611178219e-01 1.604916155e-01 1.599317938e-01 1.594430506e-01 1.590306014e-01
 1.587002277e-01 1.584582627e-01 1.583116502e-01 1.582678556e-01 1.583348364e-01
 1.585209668e-01 1.588350236e-01 1.592860371e-01 1.598831415e-01 1.606355309e-01
 1.615522206e-01 1.626419127e-01 1.639128178e-01 1.653724015e-01 1.670273393e-01
 1.688832641e-01 1.709447205e-01 1.732149869e-01 1.756960303e-01 1.783884913e-01
 1.812915057e-01 1.844027340e-01 1.877182126e-01 1.912322491e-01 1.949373037e-01
 1.988239288e-01 2.028806061e-01 2.070940584e-01 2.114504874e-01 2.159398049e-01
 2.205690295e-01 2.253997922e-01 2.306447774e-01 2.365477532e-01 2.431559265e-01
 2.503518462e-01 2.578450739e-01 2.654881775e-01 2.732363045e-01 2.810806930e-01
 2.890236080e-01 2.970699668e-01 3.052246869e-01 3.134919107e-01 3.218750060e-01
 3.303765655e-01 3.389984667e-01 3.477418721e-01 3.566072583e-01 3.655944169e-01
 1.576178223e-01 1.574076861e-01 1.572287679e-01 1.570784748e-01 1.569522917e-01
 1.568289697e-01 1.566622704e-01 1.564956605e-01 1.563456357e-01 1.562230140e-01
 1.561355442e-01 1.560906917e-01 1.560953856e-01 1.561563164e-01 1.562801450e-01
 1.564736962e-01 1.567439586e-01 1.570982039e-01 1.575439870e-01 1.580890566e-01
 1.587413698e-01 1.595090479e-01 1.604002714e-01 1.614232063e-01 1.625859290e-01
 1.638962924e-01 1.653617471e-01 1.669893116e-01 1.687854379e-01 1.707557589e-01
 1.729051471e-01 1.752374917e-01 1.777555943e-01 1.804611236e-01 1.833544672e-01
 1.864345521e-01 1.896987259e-01 1.931425184e-01 1.967592239e-01 2.005393803e-01
 2.044698298e-01 2.085322291e-01 2.127004266e-01 2.169356197e-01 2.211768478e-01
 2.253198177e-01 2.291534394e-01 2.333468646e-01 2.390377969e-01 2.461472154e-01
 2.546089888e-01 2.628645897e-01 2.709130347e-01 2.788945735e-01 2.868817449e-01
 2.949163616e-01 3.030239344e-01 3.112207949e-01 3.195177019e-01 3.279217184e-01
 3.364377320e-01 3.450688422e-01 3.538169861e-01 3.626830876e-01 3.716672659e-01
 1.460706294e-01 1.466059983e-01 1.471298039e-01 1.476423889e-01 1.481427103e-01
 1.486293525e-01 1.490993947e-01 1.495604813e-01 1.500202417e-01 1.504892409e-01
 1.509760916e-01 1.514889896e-01 1.520358175e-01 1.526242346e-01 1.532618403e-01
 1.539561898e-01 1.547148377e-01 1.555453986e-01 1.564555466e-01 1.574530154e-01
 1.585455388e-01 1.597408652e-01 1.610466987e-01 1.624705791e-01 1.640198976e-01
 1.657017618e-01 1.675229222e-01 1.694896966e-01 1.716078371e-01 1.738825142e-01
 1.763181388e-01 1.789183021e-01 1.816857457e-01 1.846221387e-01 1.877280921e-01
 1.910029501e-01 1.944445968e-01 1.980493218e-01 2.018113285e-01 2.057223320e-01
 2.097706199e-01 2.139398158e-01 2.182065696e-01 2.225365639e-01 2.268771529e-01
 2.311414778e-01 2.351581752e-01 2.395364791e-01 2.452890724e-01 2.523567379e-01
 2.606683671e-01 2.688401937e-01 2.768519819e-01 2.848177254e-01 2.927989364e-01
 3.008325100e-01 3.089417517e-01 3.171416819e-01 3.254423440e-01 3.338503540e-01
 3.423701525e-01 3.510045111e-01 3.597550690e-01 3.686226308e-01 3.776073456e-01
 1.346245408e-01 1.358970553e-01 1.371193081e-01 1.382968873e-01 1.394349635e-01
 1.405384392e-01 1.416106522e-01 1.426595598e-01 1.436924636e-01 1.447195560e-01
 1.457492709e-01 1.467901319e-01 1.478505433e-01 1.489387900e-01 1.500630677e-01
 1.512314230e-01 1.524518430e-01 1.537322402e-01 1.550804526e-01 1.565042287e-01
 1.580112427e-01 1.596090496e-01 1.613050699e-01 1.631065011e-01 1.650203615e-01
 1.670533121e-01 1.692117155e-01 1.715015024e-01 1.739281267e-01 1.764965206e-01
 1.792109907e-01 1.820752025e-01 1.850920618e-01 1.882637143e-01 1.915913969e-01
 1.950754821e-01 1.987152547e-01 2.025089413e-01 2.064535320e-01 2.105447799e-01
 2.147770524e-01 2.191435695e-01 2.236369550e-01 2.282512635e-01 2.329873890e-01
 2.378683686e-01 2.429792285e-01 2.484755814e-01 2.545035183e-01 2.611168921e-01
 2.682112753e-01 2.756339014e-01 2.832413018e-01 2.909744084e-01 2.988159359e-01
 3.067632914e-01 3.148185909e-01 3.229849935e-01 3.312653899e-01 3.396619856e-01
 3.481762409e-01 3.568089902e-01 3.655605018e-01 3.744305372e-01 3.834185004e-01
 1.235241815e-01 1.255015135e-01 1.273935288e-01 1.292100996e-01 1.309605986e-01
 1.326539963e-01 1.342965215e-01 1.358988732e-01 1.374689937e-01 1.390181929e-01
 1.405556500e-01 1.420904696e-01 1.436316520e-01 1.451880038e-01 1.467681676e-01
 1.483806223e-01 1.500336677e-01 1.517354697e-01 1.534940153e-01 1.553171277e-01
 1.572124809e-01 1.591875255e-01 1.612495631e-01 1.634056121e-01 1.656624675e-01
 1.680266112e-01 1.705041826e-01 1.731009781e-01 1.758223474e-01 1.786732227e-01
 1.816580147e-01 1.847806275e-01 1.880444437e-01 1.914521903e-01 1.950061023e-01
 1.987077445e-01 2.025581598e-01 2.065578848e-01 2.107070535e-01 2.150056660e-01
 2.194540203e-01 2.240534276e-01 2.288075536e-01 2.337245643e-01 2.388202697e-01
 2.441214323e-01 2.496652752e-01 2.555017471e-01 2.616757452e-01 2.681958377e-01
 2.750425637e-01 2.821608186e-01 2.895059884e-01 2.970414460e-01 3.047415614e-01
 3.125904799e-01 3.205787838e-01 3.287009001e-01 3.369534612e-01 3.453341424e-01
 3.538411558e-01 3.624729514e-01 3.712278306e-01 3.801040649e-01 3.890998065e-01
 1.129945666e-01 1.156221479e-01 1.181336194e-01 1.205423325e-01 1.228608638e-01
 1.251010299e-01 1.272715032e-01 1.293855757e-01 1.314515024e-01 1.334823221e-01
 1.354882270e-01 1.374790817e-01 1.394644976e-01 1.414537728e-01 1.434559673e-01
 1.454799175e-01 1.475341767e-01 1.496270895e-01 1.517667919e-01 1.539611667e-01
 1.562179178e-01 1.585444510e-01 1.609480083e-01 1.634355336e-01 1.660136878e-01
 1.686889082e-01 1.714672446e-01 1.743544489e-01 1.773559302e-01 1.804767251e-01
 1.837214679e-01 1.870943904e-01 1.905993521e-01 1.942398101e-01 1.980188340e-01
 2.019392103e-01 2.060034424e-01 2.102139294e-01 2.145731449e-01 2.190838754e-01
 2.237496227e-01 2.285752147e-01 2.335674018e-01 2.387357056e-01 2.440930903e-01
 2.496560663e-01 2.554441690e-01 2.614741623e-01 2.677561939e-01 2.742944658e-01
 2.810813487e-01 2.881054878e-01 2.953467071e-01 3.027853072e-01 3.104044795e-01
 3.181906641e-01 3.261335492e-01 3.342253268e-01 3.424600959e-01 3.508331776e-01
 3.593407869e-01 3.679794967e-01 3.767461479e-01 3.856376708e-01 3.946506977e-01
 1.032354385e-01 1.064395607e-01 1.095023975e-01 1.124400124e-01 1.152674407e-01
 1.179987788e-01 1.206447333e-01 1.232199147e-01 1.257345527e-01 1.282010525e-01
 1.306315362e-01 1.330365390e-01 1.354261935e-01 1.378102154e-01 1.401979774e-01
 1.425985396e-01 1.450206339e-01 1.474727392e-01 1.499630660e-01 1.524995416e-01
 1.550898403e-01 1.577413976e-01 1.604613811e-01 1.632566899e-01 1.661339402e-01
 1.690995097e-01 1.721594483e-01 1.753195524e-01 1.785852760e-01 1.819618195e-01
 1.854540557e-01 1.890665442e-01 1.928035617e-01 1.966691613e-01 2.006671280e-01
 2.048010826e-01 2.090745866e-01 2.134912163e-01 2.180546671e-01 2.227690518e-01
 2.276390195e-01 2.326700389e-01 2.378686219e-01 2.432424724e-01 2.488003522e-01
 2.545517087e-01 2.605055571e-01 2.666701674e-01 2.730515301e-01 2.796509266e-01
 2.864661217e-01 2.934898436e-01 3.007138073e-01 3.081283867e-01 3.157237172e-01
 3.234906197e-01 3.314208984e-01 3.395075798e-01 3.477447033e-01 3.561270535e-01
 3.646502197e-01 3.733101189e-01 3.821026385e-01 3.910233974e-01 4.000684619e-01
 9.441424906e-02 9.810540080e-02 1.016372964e-01 1.050279364e-01 1.082940027e-01
 1.114510000e-01 1.145119295e-01 1.174903661e-01 1.204003915e-01 1.232518554e-01
 1.260588914e-01 1.288326979e-01 1.315837950e-01 1.343219876e-01 1.370567828e-01
 1.397973001e-01 1.425523460e-01 1.453304142e-01 1.481397152e-01 1.509881616e-01
 1.538834274e-01 1.568328440e-01 1.598435342e-01 1.629223228e-01 1.660758108e-01
 1.693103015e-01 1.726318449e-01 1.760462672e-01 1.795590967e-01 1.831756532e-01
 1.869009882e-01 1.907399446e-01 1.946971118e-01 1.987769604e-01 2.029837519e-01
 2.073216736e-01 2.117948532e-01 2.164074481e-01 2.211637348e-01 2.260682285e-01
 2.311256826e-01 2.363412827e-01 2.417205870e-01 2.472695410e-01 2.529942989e-01
 2.589009106e-01 2.649950385e-01 2.712811530e-01 2.777619958e-01 2.844388187e-01
 2.913106978e-01 2.983752191e-01 3.056280911e-01 3.130639195e-01 3.206767738e-01
 3.284606040e-01 3.364093602e-01 3.445173800e-01 3.527794182e-01 3.611910939e-01
 3.697479367e-01 3.784460425e-01 3.872818947e-01 3.962527812e-01 4.053525031e-01
 8.665757626e-02 9.073457867e-02 9.464315325e-02 9.840216488e-02 1.020289809e-01
 1.055396646e-01 1.089490503e-01 1.122684106e-01 1.155134737e-01 1.186963990e-01
 1.218286306e-01 1.249242797e-01 1.279924661e-01 1.310428679e-01 1.340848804e-01
 1.371275634e-01 1.401796490e-01 1.432495862e-01 1.463454813e-01 1.494751871e-01
 1.526462138e-01 1.558658332e-01 1.591410339e-01 1.624785513e-01 1.658848673e-01
 1.693662256e-01 1.729286313e-01 1.765778810e-01 1.803195626e-01 1.841590554e-01
 1.881015301e-01 1.921519935e-01 1.963152885e-01 2.005960941e-01 2.049989700e-01
 2.095284164e-01 2.141888440e-01 2.189846635e-01 2.239203006e-01 2.290002704e-01
 2.342291772e-01 2.396117002e-01 2.451525927e-01 2.508566380e-01 2.567285001e-01
 2.627725601e-01 2.689926326e-01 2.753919363e-01 2.819728553e-01 2.887365818e-01
 2.956832647e-01 3.028118312e-01 3.101203144e-01 3.176059127e-01 3.252650201e-01
 3.330935836e-01 3.410870135e-01 3.492405117e-01 3.575490415e-01 3.660076559e-01
 3.746158183e-01 3.833721876e-01 3.922756314e-01 4.013498425e-01 4.105636775e-01
 8.004250377e-02 8.439824730e-02 8.858620375e-02 9.262482822e-02 9.653105587e-02
 1.003205329e-01 1.040077806e-01 1.076054275e-01 1.111250743e-01 1.145798117e-01
 1.179831475e-01 1.213540658e-01 1.246949211e-01 1.280151606e-01 1.313239932e-01
 1.346305162e-01 1.379433274e-01 1.412706822e-01 1.446205080e-01 1.480004787e-01
 1.514179260e-01 1.548799276e-01 1.583932638e-01 1.619645059e-01 1.655999720e-01
 1.693057418e-01 1.730877459e-01 1.769516915e-01 1.809031367e-01 1.849474758e-01
 1.890899539e-01 1.933356673e-01 1.976895481e-01 2.021564543e-01 2.067410797e-01
 2.114480585e-01 2.162819207e-01 2.212471515e-01 2.263481766e-01 2.315894067e-01
 2.369751930e-01 2.425098419e-01 2.481975406e-01 2.540423870e-01 2.600482404e-01
 2.662186325e-01 2.725567222e-01 2.790651619e-01 2.857460380e-01 2.926008701e-01
 2.996305823e-01 3.068355322e-01 3.142154515e-01 3.217692375e-01 3.294953406e-01
 3.373911679e-01 3.454532027e-01 3.536759019e-01 3.620514870e-01 3.705674708e-01
 3.792534769e-01 3.881176114e-01 3.971377313e-01 4.063057601e-01 4.156165421e-01
 7.459090650e-02 7.911940664e-02 8.349061012e-02 8.772122115e-02 9.182663262e-02
 9.582109004e-02 9.971787781e-02 1.035295054e-01 1.072670445e-01 1.109434366e-01
 1.145702451e-01 1.181566641e-01 1.217225865e-01 1.252693236e-01 1.288047284e-01
 1.323369592e-01 1.358742863e-01 1.394247562e-01 1.429960579e-01 1.465955526e-01
 1.502303183e-01 1.539071202e-01 1.576324701e-01 1.614126265e-01 1.652536243e-01
 1.691613346e-01 1.731414646e-01 1.771995872e-01 1.813412011e-01 1.855716556e-01
 1.898961961e-01 1.943199635e-01 1.988479644e-01 2.034851164e-01 2.082361877e-01
 2.131058574e-01 2.180987000e-01 2.232192159e-01 2.284717560e-01 2.338606119e-01
 2.393899560e-01 2.450638264e-01 2.508861125e-01 2.568604350e-01 2.629902363e-01
 2.692786157e-01 2.757281959e-01 2.823414207e-01 2.891203165e-01 2.960667014e-01
 3.031829000e-01 3.104703128e-01 3.179303408e-01 3.255637288e-01 3.333691955e-01
 3.413464725e-01 3.494948447e-01 3.577971756e-01 3.662460446e-01 3.748655021e-01
 3.836579025e-01 3.926205933e-01 4.017487764e-01 4.110366404e-01 4.204774201e-01
 7.026912272e-02 7.487297803e-02 7.933871448e-02 8.368014544e-02 8.791016042e-02
 9.204084426e-02 9.608350694e-02 1.000486761e-01 1.039460823e-01 1.077901348e-01
 1.115940362e-01 1.153617278e-01 1.191011816e-01 1.228249520e-01 1.265467107e-01
 1.302667558e-01 1.339932233e-01 1.377333552e-01 1.414944232e-01 1.452834606e-01
 1.491072029e-01 1.529720575e-01 1.568840742e-01 1.608490646e-01 1.648725867e-01
 1.689601243e-01 1.731170565e-01 1.773487777e-01 1.816606671e-01 1.860580444e-01
 1.905461699e-01 1.951301992e-01 1.998151988e-01 2.046061158e-01 2.095077634e-01
 2.145248353e-01 2.196619213e-01 2.249234766e-01 2.303138077e-01 2.358371317e-01
 2.414975017e-01 2.472987920e-01 2.532447278e-01 2.593387365e-01 2.655840218e-01
 2.719835341e-01 2.785398364e-01 2.852546871e-01 2.921293974e-01 2.991648614e-01
 3.063611686e-01 3.137260973e-01 3.212653697e-01 3.289808333e-01 3.368514478e-01
 3.448878527e-01 3.531004488e-01 3.614901006e-01 3.700571358e-01 3.788000047e-01
 3.877185583e-01 3.968117535e-01 4.060759842e-01 4.155085385e-01 4.251058102e-01
 6.699404120e-02 7.159098238e-02 7.607537508e-02 8.045738935e-02 8.474683762e-02
 8.895320445e-02 9.308566153e-02 9.715313464e-02 1.011643857e-01 1.051276401e-01
 1.090516150e-01 1.129556447e-01 1.168378815e-01 1.207057834e-01 1.245664507e-01
 1.284307390e-01 1.323117167e-01 1.362088174e-01 1.401288509e-01 1.440785676e-01
 1.480642408e-01 1.520918459e-01 1.561668664e-01 1.602942795e-01 1.644787341e-01
 1.687248796e-01 1.730377227e-01 1.774224639e-01 1.818845123e-01 1.864292324e-01
 1.910619736e-01 1.957879961e-01 2.006124109e-01 2.055401951e-01 2.105761915e-01
 2.157251090e-01 2.209915221e-01 2.263798267e-01 2.318943143e-01 2.375391573e-01
 2.433183491e-01 2.492357194e-01 2.552949488e-01 2.614994645e-01 2.678524554e-01
 2.743565738e-01 2.810133100e-01 2.878256142e-01 2.947947383e-01 3.019195199e-01
 3.091529906e-01 3.165536523e-01 3.241413832e-01 3.319115341e-01 3.398654759e-01
 3.480025530e-01 3.563222885e-01 3.648245931e-01 3.735094965e-01 3.823781610e-01
 3.914305270e-01 4.006660283e-01 4.100644290e-01 4.196407795e-01 4.293946922e-01
 6.464646012e-02 6.917368621e-02 7.361724228e-02 7.798344642e-02 8.227881789e-02
 8.651003987e-02 9.068389237e-02 9.480717033e-02 9.888671339e-02 1.029302701e-01
 1.069454029e-01 1.109353229e-01 1.149133146e-01 1.188909262e-01 1.228690445e-01
 1.268523335e-01 1.308461130e-01 1.348593533e-01 1.389038861e-01 1.429865211e-01
 1.471084505e-01 1.512756795e-01 1.554933041e-01 1.597645730e-01 1.640912890e-01
 1.684762388e-01 1.729242206e-01 1.774409711e-01 1.820324212e-01 1.867042929e-01
 1.914621443e-01 1.963113844e-01 2.012571841e-01 2.063046098e-01 2.114585042e-01
 2.167235613e-01 2.221042812e-01 2.276050150e-01 2.332300097e-01 2.389834076e-01
 2.448692322e-01 2.508913577e-01 2.570534647e-01 2.633591890e-01 2.698117793e-01
 2.764029205e-01 2.830930650e-01 2.899244130e-01 2.969113290e-01 3.040592074e-01
 3.113889098e-01 3.188947439e-01 3.265787959e-01 3.344461024e-01 3.424947858e-01
 3.507286906e-01 3.591514528e-01 3.677658439e-01 3.765658736e-01 3.855450153e-01
 3.947168589e-01 4.040823877e-01 4.136466682e-01 4.234048426e-01 4.333559871e-01
 1.876004219e+00 1.895592451e+00 1.906125307e+00 1.919381261e+00 1.933452606e+00
 1.948307514e+00 1.963514209e+00 1.981401443e+00 1.997942686e+00 2.013849735e+00
 2.029793262e+00 2.046984434e+00 2.065121651e+00 2.082970142e+00 2.101533413e+00
 2.120889664e+00 2.141054869e+00 2.161345482e+00 2.182384729e+00 2.204124689e+00
 2.226496458e+00 2.249699831e+00 2.273649931e+00 2.298178673e+00 2.323589802e+00
 2.349875212e+00 2.377170324e+00 2.405341625e+00 2.434463024e+00 2.464626312e+00
 2.495967388e+00 2.528501511e+00 2.562236309e+00 2.597418070e+00 2.633959055e+00
 2.671944380e+00 2.711657047e+00 2.753120899e+00 2.796383619e+00 2.841692209e+00
 2.889225960e+00 2.939016581e+00 2.991422892e+00 3.046657562e+00 3.104788303e+00
 3.166356087e+00 3.231533289e+00 3.300813437e+00 3.374645472e+00 3.453460455e+00
 3.538099051e+00 3.628749132e+00 3.727473974e+00 3.834648609e+00 3.951354265e+00
 4.080080986e+00 4.222500324e+00 4.384630680e+00 4.567356110e+00 4.778425217e+00
 5.033982277e+00 5.349873066e+00 5.770420074e+00 6.436632633e+00 9.214666367e+00
  74  27
 1.317099690e+00 0.000000000e+00 1.322726846e+00 9.375000000e-02 1.328125000e+00
 1.490135193e-01 1.339195490e+00 2.343750000e-01 1.351562500e+00 3.049378097e-01
 1.366713643e+00 3.750000000e-01 1.378871441e+00 4.218750000e-01 1.398437500e+00
 4.860461652e-01 1.421875000e+00 5.474361181e-01 1.445312500e+00 5.958272219e-01
 1.468750000e+00 6.337682605e-01 1.492187500e+00 6.620365381e-01 1.539062500e+00
 6.992936730e-01 1.562500000e+00 7.106567025e-01 1.609375000e+00 7.226356268e-01
 1.656250000e+00 7.236801386e-01 1.703125000e+00 7.168813944e-01 1.750000000e+00
 7.033270597e-01 1.773437500e+00 6.953805089e-01 1.820312500e+00 6.748644710e-01
 1.852911830e+00 6.562500000e-01 1.890625000e+00 6.334958673e-01 1.922851086e+00
 6.093750000e-01 1.960937500e+00 5.787741542e-01 1.984375000e+00 5.568850636e-01
 2.023959398e+00 5.156250000e-01 2.054687500e+00 4.795795083e-01 2.078125000e+00
 4.484732151e-01 2.101562500e+00 4.136637151e-01 2.125000000e+00 3.744544983e-01
 2.148982525e+00 3.281250000e-01 2.171875000e+00 2.749558091e-01 2.195312500e+00
 2.047796845e-01 2.210923910e+00 1.406250000e-01 2.218750000e+00 9.181407839e-02
 2.225407839e+00 0.000000000e+00 2.220903635e+00-9.375000000e-02 2.214443445e+00
-1.406250000e-01 2.195312500e+00-2.246555239e-01 2.177228689e+00-2.812500000e-01
 2.158452034e+00-3.281250000e-01 2.136132002e+00-3.750000000e-01 2.109992981e+00
-4.218750000e-01 2.079705477e+00-4.687500000e-01 2.054687500e+00-5.031838417e-01
 2.031250000e+00-5.325794220e-01 2.004886150e+00-5.625000000e-01 1.960937500e+00
-6.078494191e-01 1.937500000e+00-6.302628517e-01 1.907069087e+00-6.562500000e-01
 1.867187500e+00-6.889978051e-01 1.843750000e+00-7.061398029e-01 1.796875000e+00
-7.389621735e-01 1.773437500e+00-7.536221147e-01 1.726562500e+00-7.819752097e-01
 1.697191238e+00-7.968750000e-01 1.656250000e+00-8.187745810e-01 1.609375000e+00
-8.392268419e-01 1.585937500e+00-8.490196466e-01 1.539062500e+00-8.680735230e-01
 1.492187500e+00-8.832007647e-01 1.438336730e+00-8.982003331e-01 1.421875000e+00
-8.379316926e-01 1.400357366e+00-7.500000000e-01 1.389408350e+00-7.031250000e-01
 1.375000000e+00-6.384149194e-01 1.360606074e+00-5.625000000e-01 1.351562500e+00
-5.101947188e-01 1.338471055e+00-4.218750000e-01 1.328125000e+00-3.320440054e-01
 1.323505163e+00-2.812500000e-01 1.317699671e+00-1.875000000e-01 1.315513134e+00
-9.375000000e-02 1.317099690e+00 0.000000000e+00
 1.264999986e+00 1.085000038e+00 1.608000040e+00 1.429000020e+00 1.682999969e+00
 1.430999994e+00 1.631000042e+00 1.325999975e+00 1.577999949e+00 1.320000052e+00
 1.593000054e+00 1.152999997e+00 1.626000047e+00 1.090000033e+00 2.006000042e+00
 7.730000019e-01 2.233000040e+00 4.440000057e-01 2.234999895e+00 3.689999878e-01
 2.263000011e+00 3.100000024e-01 2.298000097e+00 1.889999956e-01 2.315999985e+00
 6.199999899e-02 2.315999985e+00-6.199999899e-02 2.298000097e+00-1.889999956e-01
 2.263000011e+00-3.100000024e-01 2.234999895e+00-3.689999878e-01 2.233000040e+00
-4.440000057e-01 2.006000042e+00-7.730000019e-01 1.626000047e+00-1.090000033e+00
 1.593000054e+00-1.152999997e+00 1.577999949e+00-1.320000052e+00 1.631000042e+00
-1.325999975e+00 1.682999969e+00-1.430999994e+00 1.608000040e+00-1.429000020e+00
 1.264999986e+00-1.085000038e+00 1.264999986e+00 1.085000038e+00
    0 1.700000000e+00    0
-0.000000000e+00-0.000000000e+00-0.000000000e+00-0.000000000e+00-0.000000000e+00
-0.000000000e+00-0.000000000e+00-0.000000000e+00-0.000000000e+00-0.000000000e+00
-0.000000000e+00-0.000000000e+00-0.000000000e+00-0.000000000e+00-0.000000000e+00
-0.000000000e+00-0.000000000e+00-0.000000000e+00-0.000000000e+00-0.000000000e+00
-0.000000000e+00-0.000000000e+00-0.000000000e+00-0.000000000e+00-0.000000000e+00
-0.000000000e+00-0.000000000e+00-0.000000000e+00-0.000000000e+00-0.000000000e+00
-0.000000000e+00-0.000000000e+00-0.000000000e+00-0.000000000e+00-0.000000000e+00
-0.000000000e+00-0.000000000e+00-0.000000000e+00-0.000000000e+00-0.000000000e+00
-0.000000000e+00-0.000000000e+00-0.000000000e+00-0.000000000e+00-0.000000000e+00
-0.000000000e+00-0.000000000e+00-0.000000000e+00-0.000000000e+00-0.000000000e+00
-0.000000000e+00-0.000000000e+00-0.000000000e+00-0.000000000e+00-0.000000000e+00
-0.000000000e+00-0.000000000e+00-0.000000000e+00-0.000000000e+00-0.000000000e+00
-0.000000000e+00-0.000000000e+00-0.000000000e+00-0.000000000e+00-0.000000000e+00
    0
$out1
$end
$basis
$end
$chiout
$end
                                            mag
